Date,OPEN,HIGH,LOW,CLOSE,VOLUME,return,return_one_hot_encoded,volume_difference,volume_one_hot_encoded
2020-06-03 07:01:00,141.88,141.94,141.4,141.94,25409.0,0.0,0,0.0,0
2020-06-03 07:02:00,141.96,142.16,141.78,142.08,20955.0,0.20000000000001705,1,-4454.0,0
2020-06-03 07:03:00,142.0,142.04,141.66,141.94,7323.0,-0.020000000000010232,0,-13632.0,0
2020-06-03 07:04:00,141.86,141.96,141.36,141.9,5255.0,-0.09999999999999432,0,-2068.0,0
2020-06-03 07:05:00,141.98,142.24,141.88,142.1,7747.0,0.23999999999998067,1,2492.0,1
2020-06-03 07:06:00,142.16,142.58,142.14,142.56,7105.0,0.5800000000000125,1,-642.0,0
2020-06-03 07:07:00,142.48,142.72,141.92,141.92,3704.0,-0.2400000000000091,0,-3401.0,0
2020-06-03 07:08:00,141.92,141.98,141.6,141.8,10524.0,-0.6799999999999784,0,6820.0,1
2020-06-03 07:09:00,141.86,142.26,141.86,142.08,1652.0,0.160000000000025,1,-8872.0,0
2020-06-03 07:10:00,142.12,142.46,142.12,142.28,3275.0,0.4199999999999875,1,1623.0,1
2020-06-03 07:11:00,142.28,142.3,141.98,141.98,4119.0,-0.14000000000001478,0,844.0,1
2020-06-03 07:12:00,141.92,141.92,141.44,141.46,2128.0,-0.8199999999999932,0,-1991.0,0
2020-06-03 07:13:00,141.52,141.62,141.36,141.58,4236.0,-0.339999999999975,0,2108.0,1
2020-06-03 07:14:00,141.58,141.98,141.52,141.88,4307.0,0.3599999999999852,1,71.0,1
2020-06-03 07:15:00,141.88,142.38,141.88,142.26,5659.0,0.6799999999999784,1,1352.0,1
2020-06-03 07:16:00,142.22,142.26,142.1,142.18,2608.0,0.30000000000001137,1,-3051.0,0
2020-06-03 07:17:00,142.5,142.54,142.3,142.4,2640.0,0.18000000000000682,1,32.0,1
2020-06-03 07:18:00,142.3,142.42,142.12,142.42,3200.0,-0.0800000000000125,0,560.0,1
2020-06-03 07:19:00,142.32,142.46,142.16,142.32,2353.0,0.01999999999998181,1,-847.0,0
2020-06-03 07:20:00,142.3,142.5,142.24,142.4,3307.0,0.0800000000000125,1,954.0,1
2020-06-03 07:21:00,142.26,142.48,142.26,142.26,1431.0,-0.040000000000020464,0,-1876.0,0
2020-06-03 07:22:00,142.3,142.6,142.3,142.36,3351.0,0.10000000000002274,1,1920.0,1
2020-06-03 07:23:00,142.38,142.44,142.08,142.2,6989.0,-0.10000000000002274,0,3638.0,1
2020-06-03 07:24:00,142.18,142.18,141.88,142.16,8187.0,-0.21999999999999886,0,1198.0,1
2020-06-03 07:25:00,142.08,142.36,142.08,142.18,2678.0,0.0,0,-5509.0,0
2020-06-03 07:26:00,142.2,142.56,142.2,142.3,4906.0,0.21999999999999886,1,2228.0,1
2020-06-03 07:27:00,142.24,142.3,142.12,142.26,1693.0,0.060000000000002274,1,-3213.0,0
2020-06-03 07:28:00,142.22,142.42,142.18,142.42,2217.0,0.1799999999999784,1,524.0,1
2020-06-03 07:29:00,142.36,142.4,142.22,142.3,932.0,0.0800000000000125,1,-1285.0,0
2020-06-03 07:30:00,142.34,142.38,142.16,142.38,2426.0,0.01999999999998181,1,1494.0,1
2020-06-03 07:31:00,142.34,142.4,142.22,142.28,2647.0,-0.060000000000002274,0,221.0,1
2020-06-03 07:32:00,142.16,142.34,142.12,142.32,1339.0,-0.020000000000010232,0,-1308.0,0
2020-06-03 07:33:00,142.3,142.36,142.26,142.32,1220.0,0.1599999999999966,1,-119.0,0
2020-06-03 07:34:00,142.46,142.48,142.28,142.34,1871.0,0.03999999999999204,1,651.0,1
2020-06-03 07:35:00,142.32,142.32,142.26,142.32,2048.0,-0.14000000000001478,0,177.0,1
2020-06-03 07:36:00,142.3,142.6,142.3,142.6,3553.0,0.28000000000000114,1,1505.0,1
2020-06-03 07:37:00,142.58,142.84,142.58,142.76,2378.0,0.45999999999997954,1,-1175.0,0
2020-06-03 07:38:00,142.74,142.82,142.54,142.82,1797.0,0.23999999999998067,1,-581.0,0
2020-06-03 07:39:00,142.86,143.08,142.86,143.06,9209.0,0.3199999999999932,1,7412.0,1
2020-06-03 07:40:00,143.0,143.08,142.8,142.96,1698.0,0.09999999999999432,1,-7511.0,0
2020-06-03 07:41:00,142.92,143.04,142.5,142.56,6441.0,-0.4399999999999977,0,4743.0,1
2020-06-03 07:42:00,142.66,142.88,142.62,142.8,2465.0,-0.11999999999997613,0,-3976.0,0
2020-06-03 07:43:00,142.86,143.16,142.86,143.02,10376.0,0.36000000000001364,1,7911.0,1
2020-06-03 07:44:00,143.06,143.16,143.06,143.16,403.0,0.29999999999998295,1,-9973.0,0
2020-06-03 07:45:00,143.2,143.2,143.04,143.06,3318.0,0.0,0,2915.0,1
2020-06-03 07:46:00,143.18,143.42,143.16,143.42,6265.0,0.21999999999999886,1,2947.0,1
2020-06-03 07:47:00,143.42,143.44,143.26,143.28,2095.0,0.09999999999999432,1,-4170.0,0
2020-06-03 07:48:00,143.32,143.44,143.26,143.36,3668.0,-0.05999999999997385,0,1573.0,1
2020-06-03 07:49:00,143.34,143.38,143.26,143.34,4584.0,0.020000000000010232,1,916.0,1
2020-06-03 07:50:00,143.38,143.7,143.38,143.6,6240.0,0.2599999999999909,1,1656.0,1
2020-06-03 07:51:00,143.62,143.62,143.48,143.56,3531.0,0.18000000000000682,1,-2709.0,0
2020-06-03 07:52:00,143.6,143.78,143.52,143.62,3273.0,0.0,0,-258.0,0
2020-06-03 07:53:00,143.54,143.64,143.52,143.64,1614.0,0.03999999999999204,1,-1659.0,0
2020-06-03 07:54:00,143.62,143.7,143.58,143.58,406.0,0.040000000000020464,1,-1208.0,0
2020-06-03 07:55:00,143.58,143.72,143.58,143.58,3049.0,-0.03999999999999204,0,2643.0,1
2020-06-03 07:56:00,143.6,143.6,143.34,143.44,3053.0,-0.14000000000001478,0,4.0,1
2020-06-03 07:57:00,143.5,143.7,143.44,143.7,2823.0,0.09999999999999432,1,-230.0,0
2020-06-03 07:58:00,143.66,143.92,143.6,143.84,2938.0,0.3400000000000034,1,115.0,1
2020-06-03 07:59:00,143.82,144.0,143.82,143.94,4266.0,0.28000000000000114,1,1328.0,1
2020-06-03 08:00:00,143.92,143.94,143.64,143.72,1644.0,-0.09999999999999432,0,-2622.0,0
2020-06-03 08:01:00,143.62,143.82,143.62,143.68,2764.0,-0.23999999999998067,0,1120.0,1
2020-06-03 08:02:00,143.74,143.74,143.44,143.58,5406.0,-0.03999999999999204,0,2642.0,1
2020-06-03 08:03:00,143.54,143.74,143.46,143.66,1793.0,-0.0800000000000125,0,-3613.0,0
2020-06-03 08:04:00,143.66,143.66,143.46,143.54,1886.0,0.0,0,93.0,1
2020-06-03 08:05:00,143.54,143.78,143.46,143.78,2610.0,0.12000000000000455,1,724.0,1
2020-06-03 08:06:00,143.74,143.9,143.74,143.88,1897.0,0.3400000000000034,1,-713.0,0
2020-06-03 08:07:00,143.9,143.94,143.78,143.94,1216.0,0.19999999999998863,1,-681.0,0
2020-06-03 08:08:00,143.96,144.0,143.74,143.74,3455.0,-0.1599999999999966,0,2239.0,1
2020-06-03 08:09:00,143.8,143.9,143.72,143.74,2203.0,-0.21999999999999886,0,-1252.0,0
2020-06-03 08:10:00,143.72,143.72,143.58,143.66,1254.0,-0.14000000000001478,0,-949.0,0
2020-06-03 08:11:00,143.68,143.82,143.68,143.82,2027.0,0.09999999999999432,1,773.0,1
2020-06-03 08:12:00,143.82,143.9,143.82,143.86,971.0,0.18000000000000682,1,-1056.0,0
2020-06-03 08:13:00,143.84,143.94,143.54,143.54,3203.0,-0.28000000000000114,0,2232.0,1
2020-06-03 08:14:00,143.58,143.66,143.56,143.66,853.0,-0.18000000000000682,0,-2350.0,0
2020-06-03 08:15:00,143.64,143.64,143.52,143.56,3305.0,-0.020000000000010232,0,2452.0,1
2020-06-03 08:16:00,143.6,143.66,143.52,143.52,1637.0,-0.11999999999997613,0,-1668.0,0
2020-06-03 08:17:00,143.5,143.54,143.42,143.5,1934.0,-0.09999999999999432,0,297.0,1
2020-06-03 08:18:00,143.54,143.8,143.48,143.8,3529.0,0.30000000000001137,1,1595.0,1
2020-06-03 08:19:00,143.76,143.76,143.02,143.44,11949.0,-0.09999999999999432,0,8420.0,1
2020-06-03 08:20:00,143.42,143.42,143.2,143.38,4833.0,-0.37999999999999545,0,-7116.0,0
2020-06-03 08:21:00,143.44,143.56,143.44,143.52,845.0,0.10000000000002274,1,-3988.0,0
2020-06-03 08:22:00,143.48,143.5,143.38,143.44,1537.0,0.0,0,692.0,1
2020-06-03 08:23:00,143.44,143.58,143.44,143.52,4029.0,0.040000000000020464,1,2492.0,1
2020-06-03 08:24:00,143.48,143.66,143.48,143.62,1512.0,0.18000000000000682,1,-2517.0,0
2020-06-03 08:25:00,143.56,143.8,143.5,143.8,4511.0,0.3200000000000216,1,2999.0,1
2020-06-03 08:26:00,143.86,144.02,143.84,143.9,918.0,0.3400000000000034,1,-3593.0,0
2020-06-03 08:27:00,143.98,143.98,143.66,143.72,3448.0,-0.14000000000001478,0,2530.0,1
2020-06-03 08:28:00,143.66,143.68,143.58,143.58,852.0,-0.39999999999997726,0,-2596.0,0
2020-06-03 08:29:00,143.56,143.6,143.5,143.58,1564.0,-0.07999999999998408,0,712.0,1
2020-06-03 08:30:00,143.62,143.76,143.62,143.76,2419.0,0.19999999999998863,1,855.0,1
2020-06-03 08:31:00,143.74,143.94,143.72,143.88,2586.0,0.2599999999999909,1,167.0,1
2020-06-03 08:32:00,143.86,144.02,143.86,143.96,2279.0,0.21999999999999886,1,-307.0,0
2020-06-03 08:33:00,144.0,144.08,143.96,143.98,3430.0,0.11999999999997613,1,1151.0,1
2020-06-03 08:34:00,143.92,144.32,143.88,144.2,6102.0,0.19999999999998863,1,2672.0,1
2020-06-03 08:35:00,144.22,144.26,144.04,144.12,3560.0,0.20000000000001705,1,-2542.0,0
2020-06-03 08:36:00,144.16,144.32,144.16,144.2,2519.0,-0.020000000000010232,0,-1041.0,0
2020-06-03 08:37:00,144.12,144.14,143.92,143.92,1327.0,-0.2400000000000091,0,-1192.0,0
2020-06-03 08:38:00,143.98,144.06,143.96,144.04,1284.0,-0.0800000000000125,0,-43.0,0
2020-06-03 08:39:00,144.08,144.12,143.9,143.96,2910.0,-0.01999999999998181,0,1626.0,1
2020-06-03 08:40:00,143.98,144.04,143.84,143.9,4032.0,-0.18000000000000682,0,1122.0,1
2020-06-03 08:41:00,143.92,143.94,143.86,143.9,1194.0,-0.07999999999998408,0,-2838.0,0
2020-06-03 08:42:00,143.9,144.0,143.9,143.98,3078.0,0.060000000000002274,1,1884.0,1
2020-06-03 08:43:00,143.96,144.0,143.84,143.84,2820.0,-0.060000000000002274,0,-258.0,0
2020-06-03 08:44:00,143.86,143.88,143.78,143.8,1402.0,-0.1599999999999966,0,-1418.0,0
2020-06-03 08:45:00,143.76,143.78,143.64,143.74,3822.0,-0.12000000000000455,0,2420.0,1
2020-06-03 08:46:00,143.76,143.76,143.42,143.46,5441.0,-0.29999999999998295,0,1619.0,1
2020-06-03 08:47:00,143.48,143.72,143.48,143.72,1457.0,-0.03999999999999204,0,-3984.0,0
2020-06-03 08:48:00,143.68,143.72,143.64,143.7,1555.0,0.21999999999999886,1,98.0,1
2020-06-03 08:49:00,143.72,143.76,143.62,143.68,2297.0,0.0,0,742.0,1
2020-06-03 08:50:00,143.68,143.84,143.68,143.8,863.0,0.0800000000000125,1,-1434.0,0
2020-06-03 08:51:00,143.82,144.06,143.72,143.96,5432.0,0.28000000000000114,1,4569.0,1
2020-06-03 08:52:00,143.94,143.94,143.7,143.7,2044.0,-0.12000000000000455,0,-3388.0,0
2020-06-03 08:53:00,143.68,143.76,143.62,143.62,1303.0,-0.3199999999999932,0,-741.0,0
2020-06-03 08:54:00,143.6,143.6,143.38,143.42,1851.0,-0.2600000000000193,0,548.0,1
2020-06-03 08:55:00,143.38,143.42,143.28,143.36,3975.0,-0.23999999999998067,0,2124.0,1
2020-06-03 08:56:00,143.36,143.36,143.18,143.28,1797.0,-0.09999999999999432,0,-2178.0,0
2020-06-03 08:57:00,143.28,143.44,143.28,143.36,3366.0,0.0,0,1569.0,1
2020-06-03 08:58:00,143.38,143.38,143.22,143.28,2331.0,0.0,0,-1035.0,0
2020-06-03 08:59:00,143.3,143.36,143.3,143.3,2330.0,-0.07999999999998408,0,-1.0,0
2020-06-03 09:00:00,143.3,143.42,143.26,143.3,1875.0,0.0,0,-455.0,0
2020-06-03 09:01:00,143.3,143.3,143.0,143.02,8198.0,-0.28000000000000114,0,6323.0,1
2020-06-03 09:02:00,143.02,143.06,142.96,143.02,1130.0,-0.28000000000000114,0,-7068.0,0
2020-06-03 09:03:00,143.0,143.02,142.86,142.92,2166.0,-0.10000000000002274,0,1036.0,1
2020-06-03 09:04:00,142.96,142.98,142.92,142.98,1094.0,-0.020000000000010232,0,-1072.0,0
2020-06-03 09:05:00,143.02,143.02,142.7,142.7,3128.0,-0.2600000000000193,0,2034.0,1
2020-06-03 09:06:00,142.7,142.78,142.68,142.74,2243.0,-0.28000000000000114,0,-885.0,0
2020-06-03 09:07:00,142.72,142.72,142.44,142.5,3610.0,-0.19999999999998863,0,1367.0,1
2020-06-03 09:08:00,142.5,142.5,142.26,142.26,6015.0,-0.46000000000000796,0,2405.0,1
2020-06-03 09:09:00,142.24,142.4,142.16,142.38,8302.0,-0.12000000000000455,0,2287.0,1
2020-06-03 09:10:00,142.44,142.6,142.44,142.46,8147.0,0.21999999999999886,1,-155.0,0
2020-06-03 09:11:00,142.44,142.5,142.28,142.46,5652.0,0.020000000000010232,1,-2495.0,0
2020-06-03 09:12:00,142.5,142.58,142.44,142.58,8889.0,0.14000000000001478,1,3237.0,1
2020-06-03 09:13:00,142.62,142.62,142.5,142.54,948.0,0.03999999999999204,1,-7941.0,0
2020-06-03 09:14:00,142.54,142.62,142.5,142.62,1574.0,0.0,0,626.0,1
2020-06-03 09:15:00,142.62,142.64,142.56,142.62,1838.0,0.0800000000000125,1,264.0,1
2020-06-03 09:16:00,142.62,142.78,142.54,142.54,5608.0,-0.0800000000000125,0,3770.0,1
2020-06-03 09:17:00,142.5,142.74,142.38,142.38,8696.0,-0.2400000000000091,0,3088.0,1
2020-06-03 09:18:00,142.42,142.54,142.4,142.52,2482.0,0.020000000000010232,1,-6214.0,0
2020-06-03 09:19:00,142.52,142.52,142.4,142.48,3676.0,0.060000000000002274,1,1194.0,1
2020-06-03 09:20:00,142.48,142.52,142.34,142.4,3507.0,-0.12000000000000455,0,-169.0,0
2020-06-03 09:21:00,142.4,142.5,142.38,142.46,1811.0,-0.01999999999998181,0,-1696.0,0
2020-06-03 09:22:00,142.48,142.48,142.42,142.48,1546.0,0.07999999999998408,1,-265.0,0
2020-06-03 09:23:00,142.48,142.56,142.44,142.56,1112.0,0.0800000000000125,1,-434.0,0
2020-06-03 09:24:00,142.56,142.58,142.52,142.58,587.0,0.10000000000002274,1,-525.0,0
2020-06-03 09:25:00,142.46,142.66,142.42,142.58,2892.0,0.020000000000010232,1,2305.0,1
2020-06-03 09:26:00,142.6,142.72,142.6,142.72,1659.0,0.2599999999999909,1,-1233.0,0
2020-06-03 09:27:00,142.72,142.74,142.52,142.52,3026.0,-0.07999999999998408,0,1367.0,1
2020-06-03 09:28:00,142.52,142.54,142.44,142.54,3369.0,-0.18000000000000682,0,343.0,1
2020-06-03 09:29:00,142.64,142.68,142.56,142.56,814.0,0.03999999999999204,1,-2555.0,0
2020-06-03 09:30:00,142.54,142.92,142.46,142.86,9915.0,0.22000000000002728,1,9101.0,1
2020-06-03 09:31:00,142.88,143.08,142.76,142.78,23034.0,0.2400000000000091,1,13119.0,1
2020-06-03 09:32:00,142.7,142.7,142.56,142.56,812.0,-0.3199999999999932,0,-22222.0,0
2020-06-03 09:33:00,142.54,142.66,142.5,142.6,2819.0,-0.09999999999999432,0,2007.0,1
2020-06-03 09:34:00,142.58,142.58,142.48,142.48,2151.0,-0.060000000000002274,0,-668.0,0
2020-06-03 09:35:00,142.5,142.58,142.44,142.58,2743.0,0.0,0,592.0,1
2020-06-03 09:36:00,142.58,142.68,142.54,142.54,1575.0,0.03999999999999204,1,-1168.0,0
2020-06-03 09:37:00,142.58,142.98,142.58,142.98,5155.0,0.39999999999997726,1,3580.0,1
2020-06-03 09:38:00,142.94,142.94,142.8,142.82,987.0,0.23999999999998067,1,-4168.0,0
2020-06-03 09:39:00,142.88,142.94,142.72,142.76,3357.0,-0.18000000000000682,0,2370.0,1
2020-06-03 09:40:00,142.78,142.8,142.46,142.6,5490.0,-0.28000000000000114,0,2133.0,1
2020-06-03 09:41:00,142.54,142.78,142.5,142.72,3144.0,-0.060000000000002274,0,-2346.0,0
2020-06-03 09:42:00,142.74,142.74,142.62,142.68,820.0,0.14000000000001478,1,-2324.0,0
2020-06-03 09:43:00,142.68,142.72,142.64,142.64,552.0,-0.10000000000002274,0,-268.0,0
2020-06-03 09:44:00,142.7,142.7,142.54,142.54,1732.0,-0.14000000000001478,0,1180.0,1
2020-06-03 09:45:00,142.6,142.86,142.6,142.82,1245.0,0.12000000000000455,1,-487.0,0
2020-06-03 09:46:00,142.8,143.06,142.8,143.0,3265.0,0.4000000000000057,1,2020.0,1
2020-06-03 09:47:00,143.02,143.02,142.8,142.84,2880.0,0.03999999999999204,1,-385.0,0
2020-06-03 09:48:00,142.84,143.02,142.82,142.92,2989.0,-0.10000000000002274,0,109.0,1
2020-06-03 09:49:00,142.94,142.98,142.84,142.84,917.0,0.0,0,-2072.0,0
2020-06-03 09:50:00,142.86,142.92,142.7,142.72,1530.0,-0.21999999999999886,0,613.0,1
2020-06-03 09:51:00,142.76,142.9,142.76,142.8,1377.0,-0.060000000000002274,0,-153.0,0
2020-06-03 09:52:00,142.82,142.88,142.74,142.82,642.0,0.060000000000002274,1,-735.0,0
2020-06-03 09:53:00,142.84,143.02,142.84,142.94,1359.0,0.12000000000000455,1,717.0,1
2020-06-03 09:54:00,142.9,143.06,142.88,143.06,1415.0,0.21999999999999886,1,56.0,1
2020-06-03 09:55:00,143.08,143.12,143.08,143.1,1141.0,0.19999999999998863,1,-274.0,0
2020-06-03 09:56:00,143.06,143.12,142.96,143.04,1466.0,-0.040000000000020464,0,325.0,1
2020-06-03 09:57:00,143.08,143.08,142.86,142.86,820.0,-0.19999999999998863,0,-646.0,0
2020-06-03 09:58:00,142.8,142.9,142.78,142.84,1097.0,-0.2400000000000091,0,277.0,1
2020-06-03 09:59:00,142.84,142.84,142.62,142.68,2122.0,-0.12000000000000455,0,1025.0,1
2020-06-03 10:00:00,142.66,142.68,142.6,142.66,1752.0,-0.18000000000000682,0,-370.0,0
2020-06-03 10:01:00,142.66,142.66,142.36,142.36,4084.0,-0.29999999999998295,0,2332.0,1
2020-06-03 10:02:00,142.36,142.36,142.2,142.28,2405.0,-0.37999999999999545,0,-1679.0,0
2020-06-03 10:03:00,142.26,142.34,142.06,142.14,4070.0,-0.22000000000002728,0,1665.0,1
2020-06-03 10:04:00,142.1,142.14,141.74,141.74,6159.0,-0.5199999999999818,0,2089.0,1
2020-06-03 10:05:00,141.78,141.82,141.62,141.7,2435.0,-0.4000000000000057,0,-3724.0,0
2020-06-03 10:06:00,141.74,141.82,141.68,141.7,5143.0,-0.0800000000000125,0,2708.0,1
2020-06-03 10:07:00,141.76,142.14,141.76,142.14,1335.0,0.39999999999997726,1,-3808.0,0
2020-06-03 10:08:00,142.16,142.2,142.0,142.1,3994.0,0.3400000000000034,1,2659.0,1
2020-06-03 10:09:00,142.1,142.4,142.1,142.3,1114.0,0.14000000000001478,1,-2880.0,0
2020-06-03 10:10:00,142.26,142.42,142.26,142.4,2657.0,0.30000000000001137,1,1543.0,1
2020-06-03 10:11:00,142.36,142.72,142.36,142.66,3681.0,0.4000000000000057,1,1024.0,1
2020-06-03 10:12:00,142.66,142.8,142.62,142.7,2690.0,0.339999999999975,1,-991.0,0
2020-06-03 10:13:00,142.64,142.96,142.64,142.92,2981.0,0.2599999999999909,1,291.0,1
2020-06-03 10:14:00,142.94,143.08,142.86,143.08,3626.0,0.44000000000002615,1,645.0,1
2020-06-03 10:15:00,143.06,143.12,142.94,143.1,12535.0,0.1599999999999966,1,8909.0,1
2020-06-03 10:16:00,143.06,143.08,143.02,143.06,2177.0,0.0,0,-10358.0,0
2020-06-03 10:17:00,142.98,142.98,142.86,142.88,436.0,-0.18000000000000682,0,-1741.0,0
2020-06-03 10:18:00,142.9,142.9,142.78,142.86,3372.0,-0.11999999999997613,0,2936.0,1
2020-06-03 10:19:00,142.88,142.94,142.86,142.86,716.0,-0.03999999999999204,0,-2656.0,0
2020-06-03 10:20:00,142.9,142.92,142.78,142.86,4392.0,-0.01999999999998181,0,3676.0,1
2020-06-03 10:21:00,142.88,142.96,142.88,142.96,1401.0,0.060000000000002274,1,-2991.0,0
2020-06-03 10:22:00,143.0,143.06,142.94,142.96,2280.0,0.0800000000000125,1,879.0,1
2020-06-03 10:23:00,143.0,143.04,142.92,143.04,1494.0,0.03999999999999204,1,-786.0,0
2020-06-03 10:24:00,143.06,143.24,143.04,143.16,868.0,0.1599999999999966,1,-626.0,0
2020-06-03 10:25:00,143.14,143.14,142.98,143.1,1454.0,0.03999999999999204,1,586.0,1
2020-06-03 10:26:00,143.1,143.16,143.08,143.16,652.0,0.020000000000010232,1,-802.0,0
2020-06-03 10:27:00,143.12,143.24,143.08,143.1,2117.0,0.0,0,1465.0,1
2020-06-03 10:28:00,143.06,143.16,143.02,143.14,2324.0,0.01999999999998181,1,207.0,1
2020-06-03 10:29:00,143.18,143.24,142.98,143.06,4805.0,0.0,0,2481.0,1
2020-06-03 10:30:00,143.1,143.1,143.0,143.1,696.0,-0.0800000000000125,0,-4109.0,0
2020-06-03 10:31:00,143.06,143.24,142.98,143.14,1363.0,0.03999999999999204,1,667.0,1
2020-06-03 10:32:00,143.18,143.32,143.18,143.2,1029.0,0.13999999999998636,1,-334.0,0
2020-06-03 10:33:00,143.16,143.18,143.06,143.12,261.0,-0.060000000000002274,0,-768.0,0
2020-06-03 10:34:00,143.06,143.08,142.94,143.0,1825.0,-0.1599999999999966,0,1564.0,1
2020-06-03 10:35:00,142.94,143.04,142.92,142.92,1051.0,-0.14000000000001478,0,-774.0,0
2020-06-03 10:36:00,142.84,142.96,142.84,142.96,868.0,0.020000000000010232,1,-183.0,0
2020-06-03 10:37:00,142.98,142.98,142.88,142.92,328.0,0.07999999999998408,1,-540.0,0
2020-06-03 10:38:00,142.96,143.06,142.96,143.06,764.0,0.0800000000000125,1,436.0,1
2020-06-03 10:39:00,143.04,143.12,142.96,143.08,1311.0,0.12000000000000455,1,547.0,1
2020-06-03 10:40:00,143.06,143.06,142.88,142.94,1490.0,-0.09999999999999432,0,179.0,1
2020-06-03 10:41:00,142.96,143.06,142.94,143.0,1020.0,-0.060000000000002274,0,-470.0,0
2020-06-03 10:42:00,143.02,143.04,143.0,143.04,201.0,0.07999999999998408,1,-819.0,0
2020-06-03 10:43:00,143.02,143.04,143.02,143.04,314.0,0.01999999999998181,1,113.0,1
2020-06-03 10:44:00,143.04,143.04,142.98,143.02,1103.0,0.0,0,789.0,1
2020-06-03 10:45:00,143.02,143.02,142.98,142.98,389.0,-0.060000000000002274,0,-714.0,0
2020-06-03 10:46:00,142.96,142.96,142.84,142.86,910.0,-0.1599999999999966,0,521.0,1
2020-06-03 10:47:00,142.86,142.86,142.82,142.82,1053.0,-0.14000000000001478,0,143.0,1
2020-06-03 10:48:00,142.82,142.9,142.82,142.9,785.0,0.03999999999999204,1,-268.0,0
2020-06-03 10:49:00,142.92,142.92,142.64,142.64,2923.0,-0.18000000000000682,0,2138.0,1
2020-06-03 10:50:00,142.56,142.56,142.38,142.4,1505.0,-0.5199999999999818,0,-1418.0,0
2020-06-03 10:51:00,142.38,142.58,142.36,142.56,1809.0,0.0,0,304.0,1
2020-06-03 10:52:00,142.54,142.62,142.52,142.52,746.0,0.14000000000001478,1,-1063.0,0
2020-06-03 10:53:00,142.56,142.56,142.36,142.4,1164.0,-0.13999999999998636,0,418.0,1
2020-06-03 10:54:00,142.42,142.42,142.38,142.4,854.0,-0.1599999999999966,0,-310.0,0
2020-06-03 10:55:00,142.32,142.32,142.04,142.08,2027.0,-0.339999999999975,0,1173.0,1
2020-06-03 10:56:00,142.1,142.18,141.84,141.9,5875.0,-0.4199999999999875,0,3848.0,1
2020-06-03 10:57:00,141.88,142.18,141.76,142.04,8658.0,-0.060000000000002274,0,2783.0,1
2020-06-03 10:58:00,142.1,142.16,142.04,142.16,429.0,0.28000000000000114,1,-8229.0,0
2020-06-03 10:59:00,142.14,142.18,142.0,142.02,770.0,-0.07999999999998408,0,341.0,1
2020-06-03 11:00:00,142.02,142.02,141.84,141.86,1846.0,-0.2799999999999727,0,1076.0,1
2020-06-03 11:03:00,141.98,142.08,141.92,142.02,6001.0,0.0,0,4155.0,1
2020-06-03 11:04:00,141.96,142.16,141.96,142.16,1628.0,0.18000000000000682,1,-4373.0,0
2020-06-03 11:05:00,142.18,142.18,142.12,142.12,691.0,0.1599999999999966,1,-937.0,0
2020-06-03 11:06:00,142.08,142.16,142.08,142.16,1940.0,-0.020000000000010232,0,1249.0,1
2020-06-03 11:07:00,142.12,142.12,142.02,142.04,413.0,-0.040000000000020464,0,-1527.0,0
2020-06-03 11:08:00,142.1,142.14,142.04,142.04,425.0,-0.0800000000000125,0,12.0,1
2020-06-03 11:09:00,142.06,142.2,142.06,142.18,966.0,0.0800000000000125,1,541.0,1
2020-06-03 11:10:00,142.18,142.48,142.18,142.4,2511.0,0.3400000000000034,1,1545.0,1
2020-06-03 11:11:00,142.46,142.58,142.46,142.46,2762.0,0.28000000000000114,1,251.0,1
2020-06-03 11:12:00,142.46,142.46,142.34,142.38,2667.0,-0.0800000000000125,0,-95.0,0
2020-06-03 11:13:00,142.28,142.28,142.12,142.22,1329.0,-0.2400000000000091,0,-1338.0,0
2020-06-03 11:14:00,142.24,142.32,142.24,142.3,680.0,0.020000000000010232,1,-649.0,0
2020-06-03 11:15:00,142.24,142.3,142.16,142.16,1330.0,-0.0800000000000125,0,650.0,1
2020-06-03 11:16:00,142.16,142.24,142.16,142.24,84.0,0.0,0,-1246.0,0
2020-06-03 11:17:00,142.24,142.28,142.22,142.26,402.0,0.09999999999999432,1,318.0,1
2020-06-03 11:18:00,142.3,142.3,142.2,142.24,584.0,0.0,0,182.0,1
2020-06-03 11:19:00,142.28,142.32,142.18,142.28,3324.0,-0.020000000000010232,0,2740.0,1
2020-06-03 11:20:00,142.22,142.22,142.12,142.16,2111.0,-0.12000000000000455,0,-1213.0,0
2020-06-03 11:21:00,142.14,142.2,142.14,142.14,535.0,-0.0800000000000125,0,-1576.0,0
2020-06-03 11:22:00,142.14,142.14,141.94,141.98,2096.0,-0.1599999999999966,0,1561.0,1
2020-06-03 11:23:00,141.98,142.02,141.96,141.96,722.0,-0.1799999999999784,0,-1374.0,0
2020-06-03 11:24:00,141.98,142.14,141.88,142.14,1356.0,0.1599999999999966,1,634.0,1
2020-06-03 11:25:00,142.08,142.08,141.98,142.02,546.0,0.040000000000020464,1,-810.0,0
2020-06-03 11:26:00,141.96,142.16,141.96,142.16,465.0,0.07999999999998408,1,-81.0,0
2020-06-03 11:27:00,142.18,142.3,141.98,141.98,3265.0,0.01999999999998181,1,2800.0,1
2020-06-03 11:28:00,141.94,141.96,141.92,141.96,927.0,-0.21999999999999886,0,-2338.0,0
2020-06-03 11:29:00,141.98,141.98,141.8,141.92,2673.0,-0.020000000000010232,0,1746.0,1
2020-06-03 11:30:00,141.9,141.94,141.78,141.78,1260.0,-0.19999999999998863,0,-1413.0,0
2020-06-03 11:31:00,141.78,141.8,141.7,141.8,2632.0,-0.09999999999999432,0,1372.0,1
2020-06-03 11:32:00,141.88,141.88,141.58,141.64,3946.0,-0.14000000000001478,0,1314.0,1
2020-06-03 11:33:00,141.68,141.7,141.68,141.7,406.0,-0.18000000000000682,0,-3540.0,0
2020-06-03 11:34:00,141.66,141.66,141.4,141.48,2351.0,-0.20000000000001705,0,1945.0,1
2020-06-03 11:35:00,141.44,141.52,141.38,141.42,2939.0,-0.2400000000000091,0,588.0,1
2020-06-03 11:36:00,141.42,141.48,141.38,141.42,620.0,-0.020000000000010232,0,-2319.0,0
2020-06-03 11:37:00,141.44,141.5,141.4,141.44,1387.0,0.020000000000010232,1,767.0,1
2020-06-03 11:38:00,141.48,141.6,141.48,141.58,1448.0,0.14000000000001478,1,61.0,1
2020-06-03 11:39:00,141.6,141.7,141.6,141.7,1210.0,0.21999999999999886,1,-238.0,0
2020-06-03 11:40:00,141.74,142.02,141.74,142.0,3878.0,0.4000000000000057,1,2668.0,1
2020-06-03 11:41:00,142.02,142.1,141.98,142.08,2892.0,0.3400000000000034,1,-986.0,0
2020-06-03 11:42:00,142.1,142.1,142.1,142.1,83.0,0.07999999999998408,1,-2809.0,0
2020-06-03 11:43:00,142.12,142.12,141.94,141.96,1460.0,-0.13999999999998636,0,1377.0,1
2020-06-03 11:44:00,141.98,142.1,141.96,142.02,1541.0,-0.09999999999999432,0,81.0,1
2020-06-03 11:45:00,142.0,142.1,141.96,142.1,631.0,0.12000000000000455,1,-910.0,0
2020-06-03 11:46:00,142.14,142.42,142.14,142.4,2079.0,0.4000000000000057,1,1448.0,1
2020-06-03 11:47:00,142.4,142.46,142.36,142.42,864.0,0.28000000000000114,1,-1215.0,0
2020-06-03 11:48:00,142.4,142.5,142.38,142.44,1485.0,0.03999999999999204,1,621.0,1
2020-06-03 11:49:00,142.4,142.46,142.38,142.44,468.0,0.03999999999999204,1,-1017.0,0
2020-06-03 11:50:00,142.48,142.64,142.48,142.64,3393.0,0.23999999999998067,1,2925.0,1
2020-06-03 11:51:00,142.66,142.78,142.54,142.78,1588.0,0.30000000000001137,1,-1805.0,0
2020-06-03 11:52:00,142.82,142.82,142.82,142.82,81.0,0.1599999999999966,1,-1507.0,0
2020-06-03 11:53:00,142.82,142.9,142.72,142.9,831.0,0.0800000000000125,1,750.0,1
2020-06-03 11:54:00,142.86,142.86,142.76,142.76,787.0,-0.060000000000002274,0,-44.0,0
2020-06-03 11:55:00,142.8,142.88,142.78,142.78,2621.0,-0.0800000000000125,0,1834.0,1
2020-06-03 11:56:00,142.78,142.8,142.74,142.8,605.0,0.0,0,-2016.0,0
2020-06-03 11:57:00,142.86,142.92,142.74,142.82,1748.0,0.03999999999999204,1,1143.0,1
2020-06-03 11:58:00,142.76,142.8,142.62,142.66,1656.0,-0.20000000000001705,0,-92.0,0
2020-06-03 11:59:00,142.64,142.66,142.52,142.52,1448.0,-0.23999999999998067,0,-208.0,0
2020-06-03 12:00:00,142.52,142.56,142.46,142.48,617.0,-0.1599999999999966,0,-831.0,0
2020-06-03 12:01:00,142.46,142.56,142.46,142.56,306.0,0.03999999999999204,1,-311.0,0
2020-06-03 12:02:00,142.5,142.5,142.34,142.4,959.0,-0.060000000000002274,0,653.0,1
2020-06-03 12:03:00,142.44,142.52,142.42,142.48,631.0,-0.020000000000010232,0,-328.0,0
2020-06-03 12:04:00,142.42,142.44,142.32,142.42,458.0,-0.020000000000010232,0,-173.0,0
2020-06-03 12:05:00,142.48,142.58,142.48,142.56,484.0,0.14000000000001478,1,26.0,1
2020-06-03 12:06:00,142.54,142.54,142.44,142.54,1048.0,0.060000000000002274,1,564.0,1
2020-06-03 12:07:00,142.56,142.58,142.44,142.44,2015.0,-0.09999999999999432,0,967.0,1
2020-06-03 12:08:00,142.38,142.4,142.34,142.34,129.0,-0.21999999999999886,0,-1886.0,0
2020-06-03 12:09:00,142.34,142.44,142.34,142.42,794.0,0.03999999999999204,1,665.0,1
2020-06-03 12:10:00,142.44,142.58,142.44,142.46,5438.0,0.12000000000000455,1,4644.0,1
2020-06-03 12:11:00,142.48,142.5,142.4,142.5,918.0,0.060000000000002274,1,-4520.0,0
2020-06-03 12:12:00,142.6,142.64,142.6,142.62,416.0,0.14000000000001478,1,-502.0,0
2020-06-03 12:13:00,142.7,142.86,142.7,142.86,826.0,0.2600000000000193,1,410.0,1
2020-06-03 12:14:00,142.86,142.86,142.74,142.8,3024.0,0.10000000000002274,1,2198.0,1
2020-06-03 12:15:00,142.78,142.88,142.62,142.68,3659.0,-0.18000000000000682,0,635.0,1
2020-06-03 12:16:00,142.72,142.92,142.72,142.82,3734.0,0.03999999999999204,1,75.0,1
2020-06-03 12:17:00,142.82,142.86,142.78,142.84,719.0,0.12000000000000455,1,-3015.0,0
2020-06-03 12:18:00,142.82,142.9,142.82,142.9,868.0,0.0800000000000125,1,149.0,1
2020-06-03 12:19:00,142.9,143.04,142.9,142.98,3007.0,0.1599999999999966,1,2139.0,1
2020-06-03 12:20:00,142.98,143.02,142.86,143.02,2052.0,0.12000000000000455,1,-955.0,0
2020-06-03 12:21:00,143.04,143.06,142.96,143.02,3621.0,0.040000000000020464,1,1569.0,1
2020-06-03 12:22:00,143.04,143.06,142.8,142.84,2098.0,-0.19999999999998863,0,-1523.0,0
2020-06-03 12:23:00,142.88,142.9,142.6,142.84,4543.0,-0.19999999999998863,0,2445.0,1
2020-06-03 12:24:00,142.88,142.88,142.68,142.68,435.0,-0.19999999999998863,0,-4108.0,0
2020-06-03 12:25:00,142.66,142.8,142.66,142.78,604.0,-0.09999999999999432,0,169.0,1
2020-06-03 12:26:00,142.78,142.88,142.72,142.72,1674.0,0.060000000000002274,1,1070.0,1
2020-06-03 12:27:00,142.66,142.86,142.62,142.8,3136.0,0.020000000000010232,1,1462.0,1
2020-06-03 12:28:00,142.8,142.82,142.72,142.76,796.0,0.09999999999999432,1,-2340.0,0
2020-06-03 12:29:00,142.82,142.86,142.8,142.86,1440.0,0.060000000000002274,1,644.0,1
2020-06-03 12:30:00,142.84,142.86,142.8,142.8,369.0,-0.01999999999998181,0,-1071.0,0
2020-06-03 12:31:00,142.76,142.84,142.76,142.82,944.0,-0.020000000000010232,0,575.0,1
2020-06-03 12:32:00,142.84,142.88,142.74,142.74,1081.0,-0.01999999999998181,0,137.0,1
2020-06-03 12:33:00,142.8,142.8,142.76,142.76,282.0,-0.0800000000000125,0,-799.0,0
2020-06-03 12:34:00,142.74,142.76,142.68,142.74,592.0,-0.060000000000002274,0,310.0,1
2020-06-03 12:35:00,142.76,142.82,142.76,142.76,2301.0,0.01999999999998181,1,1709.0,1
2020-06-03 12:36:00,142.76,142.88,142.74,142.88,1836.0,0.12000000000000455,1,-465.0,0
2020-06-03 12:37:00,142.78,142.78,142.7,142.78,859.0,0.020000000000010232,1,-977.0,0
2020-06-03 12:38:00,142.8,142.8,142.64,142.72,1827.0,-0.060000000000002274,0,968.0,1
2020-06-03 12:39:00,142.74,142.74,142.64,142.64,511.0,-0.160000000000025,0,-1316.0,0
2020-06-03 12:40:00,142.66,142.84,142.66,142.72,1706.0,-0.020000000000010232,0,1195.0,1
2020-06-03 12:41:00,142.76,142.76,142.76,142.76,36.0,0.09999999999999432,1,-1670.0,0
2020-06-03 12:42:00,142.78,142.8,142.7,142.8,1077.0,0.040000000000020464,1,1041.0,1
2020-06-03 12:43:00,142.74,142.82,142.72,142.78,809.0,0.0,0,-268.0,0
2020-06-03 12:44:00,142.76,142.88,142.74,142.88,1180.0,0.13999999999998636,1,371.0,1
2020-06-03 12:45:00,142.84,142.84,142.78,142.8,724.0,0.040000000000020464,1,-456.0,0
2020-06-03 12:46:00,142.82,142.9,142.72,142.74,1192.0,-0.09999999999999432,0,468.0,1
2020-06-03 12:47:00,142.76,142.86,142.68,142.74,3652.0,-0.07999999999998408,0,2460.0,1
2020-06-03 12:48:00,142.74,142.82,142.7,142.78,6227.0,0.020000000000010232,1,2575.0,1
2020-06-03 12:49:00,142.7,142.7,142.64,142.64,480.0,-0.10000000000002274,0,-5747.0,0
2020-06-03 12:50:00,142.62,142.64,142.5,142.6,1123.0,-0.09999999999999432,0,643.0,1
2020-06-03 12:51:00,142.64,142.72,142.64,142.72,1391.0,0.09999999999999432,1,268.0,1
2020-06-03 12:52:00,142.68,142.78,142.64,142.78,743.0,0.14000000000001478,1,-648.0,0
2020-06-03 12:53:00,142.82,143.02,142.78,142.86,6144.0,0.18000000000000682,1,5401.0,1
2020-06-03 12:54:00,142.84,142.94,142.82,142.82,3055.0,0.0,0,-3089.0,0
2020-06-03 12:55:00,142.86,143.04,142.86,142.94,2955.0,0.09999999999999432,1,-100.0,0
2020-06-03 12:56:00,142.94,143.0,142.9,142.94,1973.0,0.07999999999998408,1,-982.0,0
2020-06-03 12:57:00,142.96,142.96,142.6,142.62,4235.0,-0.3199999999999932,0,2262.0,1
2020-06-03 12:58:00,142.58,142.58,142.4,142.46,4264.0,-0.5,0,29.0,1
2020-06-03 12:59:00,142.5,142.54,142.34,142.38,2011.0,-0.20000000000001705,0,-2253.0,0
2020-06-03 13:00:00,142.38,142.48,142.38,142.48,1285.0,-0.020000000000010232,0,-726.0,0
2020-06-03 13:01:00,142.4,142.4,142.2,142.3,1845.0,-0.07999999999998408,0,560.0,1
2020-06-03 13:02:00,142.34,142.38,142.22,142.22,2122.0,-0.18000000000000682,0,277.0,1
2020-06-03 13:03:00,142.22,142.3,142.2,142.28,2208.0,-0.060000000000002274,0,86.0,1
2020-06-03 13:04:00,142.32,142.38,142.3,142.38,779.0,0.1599999999999966,1,-1429.0,0
2020-06-03 13:05:00,142.36,142.38,142.18,142.18,827.0,-0.13999999999998636,0,48.0,1
2020-06-03 13:06:00,142.14,142.34,142.12,142.28,885.0,-0.0800000000000125,0,58.0,1
2020-06-03 13:07:00,142.28,142.3,142.22,142.28,3041.0,0.14000000000001478,1,2156.0,1
2020-06-03 13:08:00,142.24,142.38,142.22,142.38,1253.0,0.09999999999999432,1,-1788.0,0
2020-06-03 13:09:00,142.42,142.62,142.42,142.62,719.0,0.37999999999999545,1,-534.0,0
2020-06-03 13:10:00,142.64,142.76,142.62,142.68,3523.0,0.2600000000000193,1,2804.0,1
2020-06-03 13:11:00,142.66,142.72,142.56,142.62,1914.0,-0.01999999999998181,0,-1609.0,0
2020-06-03 13:12:00,142.64,142.64,142.54,142.54,1184.0,-0.12000000000000455,0,-730.0,0
2020-06-03 13:13:00,142.56,142.6,142.52,142.52,985.0,-0.11999999999997613,0,-199.0,0
2020-06-03 13:14:00,142.5,142.54,142.5,142.5,272.0,-0.060000000000002274,0,-713.0,0
2020-06-03 13:15:00,142.48,142.62,142.48,142.58,1040.0,0.0800000000000125,1,768.0,1
2020-06-03 13:16:00,142.6,142.84,142.6,142.74,1326.0,0.2600000000000193,1,286.0,1
2020-06-03 13:17:00,142.76,142.76,142.66,142.7,1720.0,0.09999999999999432,1,394.0,1
2020-06-03 13:18:00,142.7,142.72,142.66,142.72,1182.0,-0.03999999999999204,0,-538.0,0
2020-06-03 13:19:00,142.68,142.82,142.68,142.82,1557.0,0.12000000000000455,1,375.0,1
2020-06-03 13:20:00,142.78,142.86,142.74,142.76,3137.0,0.07999999999998408,1,1580.0,1
2020-06-03 13:21:00,142.78,143.0,142.72,143.0,5868.0,0.21999999999999886,1,2731.0,1
2020-06-03 13:22:00,143.0,143.12,142.92,143.04,7119.0,0.2599999999999909,1,1251.0,1
2020-06-03 13:23:00,143.0,143.2,143.0,143.2,1979.0,0.19999999999998863,1,-5140.0,0
2020-06-03 13:24:00,143.14,143.2,143.0,143.1,2401.0,0.09999999999999432,1,422.0,1
2020-06-03 13:25:00,143.1,143.18,143.1,143.18,2309.0,0.040000000000020464,1,-92.0,0
2020-06-03 13:26:00,143.2,143.24,143.0,143.02,2449.0,-0.07999999999998408,0,140.0,1
2020-06-03 13:27:00,143.02,143.16,142.96,143.1,1571.0,-0.09999999999999432,0,-878.0,0
2020-06-03 13:28:00,143.14,143.2,143.06,143.06,3754.0,0.03999999999999204,1,2183.0,1
2020-06-03 13:29:00,143.08,143.16,143.04,143.1,3173.0,-0.03999999999999204,0,-581.0,0
2020-06-03 13:30:00,143.1,143.12,142.96,142.96,2980.0,-0.12000000000000455,0,-193.0,0
2020-06-03 13:31:00,143.0,143.2,142.94,143.16,5177.0,0.060000000000002274,1,2197.0,1
2020-06-03 13:32:00,143.12,143.4,143.02,143.36,7396.0,0.36000000000001364,1,2219.0,1
2020-06-03 13:33:00,143.4,143.62,143.4,143.44,8112.0,0.3199999999999932,1,716.0,1
2020-06-03 13:34:00,143.5,143.8,143.5,143.7,13702.0,0.29999999999998295,1,5590.0,1
2020-06-03 13:35:00,143.7,143.82,143.64,143.8,7863.0,0.30000000000001137,1,-5839.0,0
2020-06-03 13:36:00,143.84,143.96,143.7,143.84,5740.0,0.14000000000001478,1,-2123.0,0
2020-06-03 13:37:00,143.8,143.82,143.5,143.5,3208.0,-0.3400000000000034,0,-2532.0,0
2020-06-03 13:38:00,143.46,143.46,143.16,143.16,5524.0,-0.6400000000000148,0,2316.0,1
2020-06-03 13:39:00,143.18,143.24,142.84,142.84,4080.0,-0.6200000000000045,0,-1444.0,0
2020-06-03 13:40:00,142.88,143.08,142.84,143.0,3098.0,-0.18000000000000682,0,-982.0,0
2020-06-03 13:41:00,143.02,143.3,143.02,143.3,3967.0,0.4200000000000159,1,869.0,1
2020-06-03 13:42:00,143.3,143.38,143.12,143.14,1008.0,0.11999999999997613,1,-2959.0,0
2020-06-03 13:43:00,143.2,143.3,143.18,143.3,2573.0,0.0,0,1565.0,1
2020-06-03 13:44:00,143.3,143.36,143.24,143.3,5299.0,0.10000000000002274,1,2726.0,1
2020-06-03 13:45:00,143.38,143.52,143.36,143.5,797.0,0.19999999999998863,1,-4502.0,0
2020-06-03 13:46:00,143.54,143.54,143.44,143.5,2445.0,0.12000000000000455,1,1648.0,1
2020-06-03 13:47:00,143.56,143.66,143.54,143.64,1276.0,0.09999999999999432,1,-1169.0,0
2020-06-03 13:48:00,143.6,143.76,143.6,143.7,1794.0,0.13999999999998636,1,518.0,1
2020-06-03 13:49:00,143.68,143.76,143.46,143.48,2724.0,-0.12000000000000455,0,930.0,1
2020-06-03 13:50:00,143.48,143.5,143.28,143.32,1729.0,-0.36000000000001364,0,-995.0,0
2020-06-03 13:51:00,143.36,143.8,143.36,143.8,3262.0,0.3200000000000216,1,1533.0,1
2020-06-03 13:52:00,143.84,143.9,143.76,143.9,5666.0,0.539999999999992,1,2404.0,1
2020-06-03 13:53:00,143.88,144.12,143.88,144.02,11881.0,0.18000000000000682,1,6215.0,1
2020-06-03 13:54:00,144.0,144.04,143.84,143.84,3309.0,-0.03999999999999204,0,-8572.0,0
2020-06-03 13:55:00,143.76,143.76,143.52,143.68,10523.0,-0.3199999999999932,0,7214.0,1
2020-06-03 13:56:00,143.68,144.02,143.64,143.96,1874.0,0.20000000000001705,1,-8649.0,0
2020-06-03 13:57:00,143.9,143.94,143.66,143.94,2058.0,0.2599999999999909,1,184.0,1
2020-06-03 13:58:00,143.82,143.88,143.5,143.74,5877.0,-0.1599999999999966,0,3819.0,1
2020-06-03 13:59:00,143.76,143.84,143.62,143.84,1205.0,0.020000000000010232,1,-4672.0,0
2020-06-03 14:00:00,143.86,143.96,143.76,143.84,3200.0,0.0800000000000125,1,1995.0,1
2020-06-03 14:01:00,143.84,143.88,143.66,143.72,3222.0,-0.14000000000001478,0,22.0,1
2020-06-03 14:02:00,143.78,143.82,143.5,143.68,6966.0,-0.1599999999999966,0,3744.0,1
2020-06-03 14:03:00,143.68,143.82,143.44,143.46,10691.0,-0.3199999999999932,0,3725.0,1
2020-06-03 14:04:00,143.52,143.72,143.34,143.38,15007.0,-0.30000000000001137,0,4316.0,1
2020-06-03 14:05:00,143.4,143.46,143.34,143.46,2838.0,-0.060000000000002274,0,-12169.0,0
2020-06-03 14:06:00,143.52,143.72,143.46,143.7,7257.0,0.29999999999998295,1,4419.0,1
2020-06-03 14:07:00,143.68,143.78,143.62,143.66,5304.0,0.13999999999998636,1,-1953.0,0
2020-06-03 14:08:00,143.64,143.92,143.6,143.88,7726.0,0.19999999999998863,1,2422.0,1
2020-06-03 14:09:00,143.92,144.06,143.92,143.98,5017.0,0.3400000000000034,1,-2709.0,0
2020-06-03 14:10:00,143.9,144.02,143.84,143.9,2281.0,-0.01999999999998181,0,-2736.0,0
2020-06-03 14:11:00,143.86,143.86,143.64,143.8,1694.0,-0.09999999999999432,0,-587.0,0
2020-06-03 14:12:00,143.82,143.82,143.6,143.76,749.0,-0.10000000000002274,0,-945.0,0
2020-06-03 14:13:00,143.74,143.86,143.62,143.66,1731.0,-0.1599999999999966,0,982.0,1
2020-06-03 14:14:00,143.72,143.86,143.72,143.74,4597.0,0.0,0,2866.0,1
2020-06-03 14:15:00,143.74,143.74,143.52,143.54,3439.0,-0.18000000000000682,0,-1158.0,0
2020-06-03 14:16:00,143.52,143.72,143.5,143.56,3202.0,-0.18000000000000682,0,-237.0,0
2020-06-03 14:17:00,143.52,143.56,143.36,143.38,1952.0,-0.14000000000001478,0,-1250.0,0
2020-06-03 14:18:00,143.4,143.66,143.4,143.66,3337.0,0.13999999999998636,1,1385.0,1
2020-06-03 14:19:00,143.66,143.92,143.66,143.78,4875.0,0.37999999999999545,1,1538.0,1
2020-06-03 14:20:00,143.72,143.86,143.72,143.8,1820.0,0.14000000000001478,1,-3055.0,0
2020-06-03 14:21:00,143.8,143.9,143.74,143.74,2863.0,0.020000000000010232,1,1043.0,1
2020-06-03 14:22:00,143.72,143.76,143.64,143.76,3936.0,-0.040000000000020464,0,1073.0,1
2020-06-03 14:23:00,143.86,143.92,143.76,143.78,2186.0,0.060000000000002274,1,-1750.0,0
2020-06-03 14:24:00,143.72,143.8,143.72,143.72,1971.0,-0.14000000000001478,0,-215.0,0
2020-06-03 14:25:00,143.68,143.9,143.64,143.9,2861.0,0.18000000000000682,1,890.0,1
2020-06-03 14:26:00,143.9,144.04,143.82,143.98,3649.0,0.29999999999998295,1,788.0,1
2020-06-03 14:27:00,143.96,143.96,143.78,143.84,1209.0,-0.060000000000002274,0,-2440.0,0
2020-06-03 14:28:00,143.8,143.82,143.68,143.74,1296.0,-0.21999999999999886,0,87.0,1
2020-06-03 14:29:00,143.78,143.92,143.78,143.9,1360.0,0.09999999999999432,1,64.0,1
2020-06-03 14:30:00,143.92,144.02,143.92,144.0,2725.0,0.21999999999999886,1,1365.0,1
2020-06-03 14:31:00,144.02,144.08,143.86,144.06,3938.0,0.14000000000001478,1,1213.0,1
2020-06-03 14:32:00,144.08,144.14,144.08,144.14,1570.0,0.11999999999997613,1,-2368.0,0
2020-06-03 14:33:00,144.16,144.16,143.96,144.04,1399.0,-0.040000000000020464,0,-171.0,0
2020-06-03 14:34:00,144.0,144.0,143.84,143.86,599.0,-0.29999999999998295,0,-800.0,0
2020-06-03 14:35:00,143.86,144.02,143.86,144.0,2306.0,0.0,0,1707.0,1
2020-06-03 14:36:00,144.0,144.04,143.98,143.98,8054.0,0.11999999999997613,1,5748.0,1
2020-06-03 14:37:00,143.86,143.94,143.86,143.9,1490.0,-0.09999999999999432,0,-6564.0,0
2020-06-03 14:38:00,143.9,143.92,143.84,143.84,3236.0,-0.020000000000010232,0,1746.0,1
2020-06-03 14:39:00,143.84,143.94,143.84,143.84,1864.0,-0.060000000000002274,0,-1372.0,0
2020-06-03 14:40:00,143.86,143.9,143.78,143.84,2152.0,0.0,0,288.0,1
2020-06-03 14:41:00,143.84,143.98,143.76,143.88,4143.0,0.01999999999998181,1,1991.0,1
2020-06-03 14:42:00,143.88,143.9,143.84,143.86,2397.0,0.020000000000010232,1,-1746.0,0
2020-06-03 14:43:00,143.82,143.94,143.78,143.94,2590.0,0.060000000000002274,1,193.0,1
2020-06-03 14:44:00,143.96,144.04,143.94,144.02,6956.0,0.20000000000001705,1,4366.0,1
2020-06-03 14:45:00,144.0,144.02,143.94,143.98,2189.0,0.01999999999998181,1,-4767.0,0
2020-06-03 14:46:00,143.96,144.04,143.82,143.82,5842.0,-0.18000000000000682,0,3653.0,1
2020-06-03 14:47:00,143.76,143.76,143.54,143.58,2653.0,-0.37999999999999545,0,-3189.0,0
2020-06-03 14:48:00,143.54,143.58,143.3,143.3,1208.0,-0.45999999999997954,0,-1445.0,0
2020-06-03 14:49:00,143.32,143.32,143.2,143.22,4468.0,-0.3199999999999932,0,3260.0,1
2020-06-03 14:50:00,143.22,143.44,143.1,143.38,5222.0,0.060000000000002274,1,754.0,1
2020-06-03 14:51:00,143.38,143.44,143.22,143.24,9070.0,0.020000000000010232,1,3848.0,1
2020-06-03 14:52:00,143.22,143.24,143.16,143.24,2514.0,-0.13999999999998636,0,-6556.0,0
2020-06-03 14:53:00,143.24,143.26,143.16,143.2,3769.0,-0.020000000000010232,0,1255.0,1
2020-06-03 14:54:00,143.14,143.16,143.1,143.14,785.0,-0.10000000000002274,0,-2984.0,0
2020-06-03 14:55:00,143.14,143.3,143.14,143.26,8162.0,0.12000000000000455,1,7377.0,1
2020-06-03 14:56:00,143.24,143.46,143.24,143.3,4127.0,0.160000000000025,1,-4035.0,0
2020-06-03 14:57:00,143.3,143.56,143.28,143.48,1727.0,0.23999999999998067,1,-2400.0,0
2020-06-03 14:58:00,143.42,143.5,143.36,143.5,2036.0,0.19999999999998863,1,309.0,1
2020-06-03 14:59:00,143.52,143.52,143.36,143.4,1826.0,-0.01999999999998181,0,-210.0,0
2020-06-03 15:00:00,143.4,143.6,143.18,143.22,7844.0,-0.30000000000001137,0,6018.0,1
2020-06-03 15:01:00,143.14,143.48,143.12,143.48,8267.0,0.07999999999998408,1,423.0,1
2020-06-03 15:02:00,143.5,143.84,143.48,143.84,5271.0,0.700000000000017,1,-2996.0,0
2020-06-03 15:03:00,143.86,143.92,143.78,143.86,4939.0,0.36000000000001364,1,-332.0,0
2020-06-03 15:04:00,143.84,143.92,143.36,143.36,7797.0,-0.5,0,2858.0,1
2020-06-03 15:05:00,143.38,143.44,143.22,143.44,3235.0,-0.4000000000000057,0,-4562.0,0
2020-06-03 15:06:00,143.46,143.6,143.3,143.3,10478.0,-0.07999999999998408,0,7243.0,1
2020-06-03 15:07:00,143.3,143.34,143.18,143.2,6252.0,-0.2600000000000193,0,-4226.0,0
2020-06-03 15:08:00,143.18,143.4,143.16,143.4,5764.0,0.09999999999999432,1,-488.0,0
2020-06-03 15:09:00,143.4,143.4,143.02,143.1,5417.0,-0.0800000000000125,0,-347.0,0
2020-06-03 15:10:00,143.14,143.14,142.96,143.06,4402.0,-0.3400000000000034,0,-1015.0,0
2020-06-03 15:11:00,143.02,143.1,142.94,142.94,2928.0,-0.19999999999998863,0,-1474.0,0
2020-06-03 15:12:00,142.94,143.04,142.88,143.02,4859.0,0.0,0,1931.0,1
2020-06-03 15:13:00,143.04,143.12,142.92,142.92,3527.0,-0.020000000000010232,0,-1332.0,0
2020-06-03 15:14:00,142.9,143.16,142.8,143.1,10734.0,0.060000000000002274,1,7207.0,1
2020-06-03 15:15:00,143.14,143.22,143.0,143.0,4555.0,0.09999999999999432,1,-6179.0,0
2020-06-03 15:16:00,143.0,143.02,142.84,142.9,3330.0,-0.23999999999998067,0,-1225.0,0
2020-06-03 15:17:00,143.02,143.12,142.94,143.04,12103.0,0.03999999999999204,1,8773.0,1
2020-06-03 15:18:00,143.04,143.08,142.9,142.96,6112.0,-0.060000000000002274,0,-5991.0,0
2020-06-03 15:19:00,142.92,143.1,142.9,143.06,2667.0,0.020000000000010232,1,-3445.0,0
2020-06-03 15:20:00,143.1,143.26,143.1,143.26,2943.0,0.3400000000000034,1,276.0,1
2020-06-03 15:21:00,143.22,143.3,143.18,143.26,1878.0,0.1599999999999966,1,-1065.0,0
2020-06-03 15:22:00,143.24,143.24,142.88,142.92,8910.0,-0.30000000000001137,0,7032.0,1
2020-06-03 15:23:00,142.92,143.16,142.92,143.16,1213.0,-0.0800000000000125,0,-7697.0,0
2020-06-03 15:24:00,143.22,143.3,142.78,142.8,13360.0,-0.11999999999997613,0,12147.0,1
2020-06-03 15:25:00,142.78,142.94,142.74,142.88,2202.0,-0.3400000000000034,0,-11158.0,0
2020-06-03 15:26:00,142.92,143.26,142.92,143.26,4334.0,0.47999999999998977,1,2132.0,1
2020-06-03 15:27:00,143.28,143.3,143.14,143.22,5596.0,0.30000000000001137,1,1262.0,1
2020-06-03 15:28:00,143.22,143.3,143.14,143.3,5357.0,0.020000000000010232,1,-239.0,0
2020-06-03 15:29:00,143.28,143.44,143.26,143.34,4871.0,0.12000000000000455,1,-486.0,0
2020-06-03 15:30:00,143.38,143.54,143.34,143.52,4869.0,0.2400000000000091,1,-2.0,0
2020-06-03 15:36:00,143.12,143.12,143.12,143.12,360039.0,-0.2599999999999909,0,355170.0,1
