Date,OPEN,HIGH,LOW,CLOSE,VOLUME
2020-02-19 08:01:00,30.94,31.16,30.94,31.16,66268.0
2020-02-19 08:02:00,31.18,31.35,31.175,31.21,21208.0
2020-02-19 08:03:00,31.225,31.27,31.09,31.12,7030.0
2020-02-19 08:04:00,31.155,31.17,31.055,31.085,4354.0
2020-02-19 08:05:00,31.05,31.085,30.935,30.945,13850.0
2020-02-19 08:06:00,30.93,30.965,30.84,30.945,13615.0
2020-02-19 08:07:00,30.935,31.0,30.91,30.95,8581.0
2020-02-19 08:08:00,30.935,31.07,30.925,31.04,33999.0
2020-02-19 08:09:00,31.025,31.025,30.81,30.81,5090.0
2020-02-19 08:10:00,30.835,30.865,30.78,30.79,22281.0
2020-02-19 08:11:00,30.77,30.77,30.45,30.47,42812.0
2020-02-19 08:12:00,30.495,30.5,30.4,30.44,40598.0
2020-02-19 08:13:00,30.43,30.565,30.325,30.5,47717.0
2020-02-19 08:14:00,30.47,30.5,30.405,30.475,14914.0
2020-02-19 08:15:00,30.455,30.545,30.425,30.5,39681.0
2020-02-19 08:16:00,30.495,30.5,30.44,30.44,11792.0
2020-02-19 08:17:00,30.42,30.445,30.25,30.25,24098.0
2020-02-19 08:18:00,30.25,30.35,30.25,30.33,34880.0
2020-02-19 08:19:00,30.31,30.36,30.27,30.35,9364.0
2020-02-19 08:20:00,30.36,30.37,30.3,30.36,6335.0
2020-02-19 08:21:00,30.35,30.45,30.34,30.44,19573.0
2020-02-19 08:22:00,30.42,30.445,30.34,30.44,10545.0
2020-02-19 08:23:00,30.44,30.54,30.44,30.45,20700.0
2020-02-19 08:24:00,30.47,30.5,30.45,30.47,7486.0
2020-02-19 08:25:00,30.455,30.46,30.34,30.36,11916.0
2020-02-19 08:26:00,30.365,30.38,30.3,30.355,16283.0
2020-02-19 08:27:00,30.345,30.385,30.345,30.375,8960.0
2020-02-19 08:28:00,30.375,30.38,30.33,30.38,10907.0
2020-02-19 08:29:00,30.38,30.42,30.37,30.395,2548.0
2020-02-19 08:30:00,30.39,30.415,30.36,30.4,14122.0
2020-02-19 08:31:00,30.4,30.4,30.35,30.37,2595.0
2020-02-19 08:32:00,30.355,30.46,30.355,30.375,10695.0
2020-02-19 08:33:00,30.37,30.375,30.345,30.36,4845.0
2020-02-19 08:34:00,30.355,30.39,30.355,30.385,4200.0
2020-02-19 08:35:00,30.39,30.42,30.38,30.39,7312.0
2020-02-19 08:36:00,30.395,30.41,30.38,30.39,7402.0
2020-02-19 08:37:00,30.39,30.46,30.39,30.46,8865.0
2020-02-19 08:38:00,30.46,30.46,30.415,30.425,8437.0
2020-02-19 08:39:00,30.42,30.455,30.415,30.43,18642.0
2020-02-19 08:40:00,30.43,30.465,30.41,30.465,5333.0
2020-02-19 08:41:00,30.445,30.46,30.39,30.42,21254.0
2020-02-19 08:42:00,30.415,30.435,30.4,30.415,10833.0
2020-02-19 08:43:00,30.41,30.42,30.385,30.395,11983.0
2020-02-19 08:44:00,30.4,30.405,30.385,30.405,4391.0
2020-02-19 08:45:00,30.395,30.415,30.39,30.4,6093.0
2020-02-19 08:46:00,30.39,30.405,30.385,30.385,3033.0
2020-02-19 08:47:00,30.39,30.395,30.375,30.395,7613.0
2020-02-19 08:48:00,30.385,30.405,30.375,30.4,6390.0
2020-02-19 08:49:00,30.39,30.405,30.32,30.32,17985.0
2020-02-19 08:50:00,30.31,30.31,30.21,30.26,34617.0
2020-02-19 08:51:00,30.28,30.295,30.28,30.29,3296.0
2020-02-19 08:52:00,30.29,30.325,30.285,30.285,5861.0
2020-02-19 08:53:00,30.285,30.285,30.23,30.23,6230.0
2020-02-19 08:54:00,30.225,30.235,30.225,30.235,2724.0
2020-02-19 08:55:00,30.245,30.295,30.23,30.23,9947.0
2020-02-19 08:56:00,30.24,30.24,30.19,30.22,8286.0
2020-02-19 08:57:00,30.225,30.305,30.225,30.3,6702.0
2020-02-19 08:58:00,30.3,30.34,30.27,30.325,6498.0
2020-02-19 08:59:00,30.305,30.325,30.275,30.295,6952.0
2020-02-19 09:00:00,30.285,30.295,30.275,30.275,1064.0
2020-02-19 09:01:00,30.29,30.4,30.29,30.4,21180.0
2020-02-19 09:02:00,30.4,30.41,30.35,30.41,3135.0
2020-02-19 09:03:00,30.405,30.455,30.395,30.435,5192.0
2020-02-19 09:04:00,30.425,30.425,30.385,30.4,2568.0
2020-02-19 09:05:00,30.4,30.405,30.37,30.37,9852.0
2020-02-19 09:06:00,30.36,30.375,30.355,30.355,5540.0
2020-02-19 09:07:00,30.36,30.42,30.36,30.39,6257.0
2020-02-19 09:08:00,30.375,30.4,30.35,30.395,4901.0
2020-02-19 09:09:00,30.37,30.37,30.335,30.335,6158.0
2020-02-19 09:10:00,30.34,30.345,30.32,30.32,4591.0
2020-02-19 09:11:00,30.315,30.315,30.3,30.305,4389.0
2020-02-19 09:12:00,30.31,30.31,30.295,30.295,2431.0
2020-02-19 09:13:00,30.31,30.325,30.31,30.315,2678.0
2020-02-19 09:14:00,30.315,30.32,30.29,30.29,6449.0
2020-02-19 09:15:00,30.29,30.3,30.27,30.27,5531.0
2020-02-19 09:16:00,30.27,30.355,30.24,30.35,9730.0
2020-02-19 09:17:00,30.36,30.36,30.3,30.32,4159.0
2020-02-19 09:18:00,30.315,30.325,30.26,30.26,6067.0
2020-02-19 09:19:00,30.27,30.28,30.255,30.28,3607.0
2020-02-19 09:20:00,30.285,30.315,30.285,30.31,2841.0
2020-02-19 09:21:00,30.31,30.31,30.29,30.305,1956.0
2020-02-19 09:22:00,30.305,30.33,30.295,30.31,3123.0
2020-02-19 09:23:00,30.305,30.34,30.3,30.33,4887.0
2020-02-19 09:24:00,30.315,30.315,30.29,30.29,3661.0
2020-02-19 09:25:00,30.295,30.32,30.295,30.32,5496.0
2020-02-19 09:26:00,30.325,30.365,30.3,30.355,14544.0
2020-02-19 09:27:00,30.365,30.46,30.365,30.46,6038.0
2020-02-19 09:28:00,30.46,30.49,30.455,30.48,4512.0
2020-02-19 09:29:00,30.485,30.53,30.475,30.53,4975.0
2020-02-19 09:30:00,30.535,30.585,30.53,30.545,3152.0
2020-02-19 09:31:00,30.56,30.6,30.56,30.6,5771.0
2020-02-19 09:32:00,30.585,30.655,30.57,30.64,9164.0
2020-02-19 09:33:00,30.64,30.655,30.6,30.6,3602.0
2020-02-19 09:34:00,30.605,30.605,30.525,30.575,7367.0
2020-02-19 09:35:00,30.555,30.555,30.485,30.485,8149.0
2020-02-19 09:36:00,30.495,30.505,30.42,30.465,10226.0
2020-02-19 09:37:00,30.475,30.51,30.475,30.48,17930.0
2020-02-19 09:38:00,30.48,30.485,30.455,30.455,4831.0
2020-02-19 09:39:00,30.455,30.455,30.41,30.41,3075.0
2020-02-19 09:40:00,30.41,30.41,30.33,30.33,13346.0
2020-02-19 09:41:00,30.34,30.385,30.32,30.375,11226.0
2020-02-19 09:42:00,30.375,30.39,30.335,30.345,4690.0
2020-02-19 09:43:00,30.35,30.355,30.335,30.345,3301.0
2020-02-19 09:44:00,30.35,30.35,30.33,30.335,3138.0
2020-02-19 09:45:00,30.34,30.345,30.32,30.32,4218.0
2020-02-19 09:46:00,30.32,30.345,30.32,30.33,7754.0
2020-02-19 09:47:00,30.33,30.395,30.33,30.35,9053.0
2020-02-19 09:48:00,30.34,30.405,30.335,30.34,5134.0
2020-02-19 09:49:00,30.345,30.38,30.32,30.36,6810.0
2020-02-19 09:50:00,30.355,30.385,30.335,30.355,7697.0
2020-02-19 09:51:00,30.35,30.38,30.33,30.355,6279.0
2020-02-19 09:52:00,30.355,30.365,30.335,30.355,4697.0
2020-02-19 09:53:00,30.355,30.365,30.335,30.335,6830.0
2020-02-19 09:54:00,30.33,30.345,30.32,30.325,8217.0
2020-02-19 09:55:00,30.325,30.34,30.315,30.33,5936.0
2020-02-19 09:56:00,30.33,30.34,30.325,30.335,2750.0
2020-02-19 09:57:00,30.33,30.34,30.33,30.34,1739.0
2020-02-19 09:58:00,30.335,30.35,30.335,30.35,4762.0
2020-02-19 09:59:00,30.355,30.375,30.325,30.345,6127.0
2020-02-19 10:00:00,30.35,30.35,30.335,30.335,6478.0
2020-02-19 10:01:00,30.33,30.35,30.325,30.335,3292.0
2020-02-19 10:02:00,30.33,30.355,30.33,30.34,6533.0
2020-02-19 10:03:00,30.345,30.365,30.34,30.35,2963.0
2020-02-19 10:04:00,30.34,30.34,30.32,30.33,6163.0
2020-02-19 10:05:00,30.335,30.345,30.33,30.345,4046.0
2020-02-19 10:06:00,30.345,30.375,30.34,30.375,8413.0
2020-02-19 10:07:00,30.38,30.41,30.37,30.39,8749.0
2020-02-19 10:08:00,30.38,30.385,30.335,30.375,9654.0
2020-02-19 10:09:00,30.38,30.38,30.325,30.36,3465.0
2020-02-19 10:10:00,30.36,30.36,30.33,30.33,1874.0
2020-02-19 10:11:00,30.33,30.33,30.32,30.33,3705.0
2020-02-19 10:12:00,30.335,30.35,30.335,30.34,1699.0
2020-02-19 10:13:00,30.34,30.35,30.335,30.34,4669.0
2020-02-19 10:14:00,30.355,30.38,30.355,30.38,5535.0
2020-02-19 10:15:00,30.385,30.4,30.325,30.325,6155.0
2020-02-19 10:16:00,30.325,30.335,30.32,30.335,6851.0
2020-02-19 10:17:00,30.325,30.34,30.325,30.335,2263.0
2020-02-19 10:18:00,30.34,30.345,30.335,30.34,3822.0
2020-02-19 10:19:00,30.34,30.34,30.325,30.325,2746.0
2020-02-19 10:20:00,30.325,30.33,30.32,30.33,1196.0
2020-02-19 10:21:00,30.325,30.35,30.325,30.33,4804.0
2020-02-19 10:22:00,30.33,30.34,30.33,30.33,2649.0
2020-02-19 10:23:00,30.34,30.38,30.34,30.365,6111.0
2020-02-19 10:24:00,30.375,30.375,30.365,30.365,3140.0
2020-02-19 10:25:00,30.37,30.37,30.36,30.365,2590.0
2020-02-19 10:26:00,30.37,30.375,30.365,30.365,1462.0
2020-02-19 10:27:00,30.375,30.375,30.36,30.37,1820.0
2020-02-19 10:28:00,30.37,30.375,30.355,30.36,5727.0
2020-02-19 10:29:00,30.365,30.365,30.365,30.365,985.0
2020-02-19 10:30:00,30.365,30.405,30.365,30.39,10134.0
2020-02-19 10:31:00,30.385,30.39,30.36,30.365,6000.0
2020-02-19 10:32:00,30.365,30.365,30.32,30.365,6601.0
2020-02-19 10:33:00,30.37,30.37,30.325,30.35,5381.0
2020-02-19 10:34:00,30.345,30.35,30.315,30.32,4096.0
2020-02-19 10:35:00,30.325,30.325,30.25,30.255,13079.0
2020-02-19 10:36:00,30.26,30.26,30.23,30.235,3622.0
2020-02-19 10:37:00,30.23,30.23,30.215,30.22,1035.0
2020-02-19 10:38:00,30.225,30.225,30.18,30.185,12875.0
2020-02-19 10:39:00,30.19,30.225,30.185,30.225,13088.0
2020-02-19 10:40:00,30.23,30.245,30.23,30.235,2162.0
2020-02-19 10:41:00,30.23,30.255,30.21,30.22,3949.0
2020-02-19 10:42:00,30.225,30.23,30.215,30.22,4726.0
2020-02-19 10:43:00,30.225,30.225,30.2,30.2,3828.0
2020-02-19 10:44:00,30.205,30.225,30.2,30.205,3788.0
2020-02-19 10:45:00,30.21,30.215,30.16,30.175,10190.0
2020-02-19 10:46:00,30.18,30.2,30.175,30.185,3111.0
2020-02-19 10:47:00,30.18,30.185,30.18,30.18,662.0
2020-02-19 10:48:00,30.185,30.19,30.18,30.18,1236.0
2020-02-19 10:49:00,30.18,30.185,30.18,30.18,925.0
2020-02-19 10:50:00,30.18,30.18,30.165,30.18,3466.0
2020-02-19 10:51:00,30.18,30.185,30.17,30.185,5289.0
2020-02-19 10:52:00,30.19,30.26,30.19,30.26,8182.0
2020-02-19 10:53:00,30.26,30.265,30.225,30.23,11013.0
2020-02-19 10:54:00,30.23,30.23,30.22,30.23,1265.0
2020-02-19 10:55:00,30.235,30.255,30.235,30.255,2384.0
2020-02-19 10:56:00,30.26,30.28,30.26,30.27,1888.0
2020-02-19 10:57:00,30.27,30.28,30.27,30.28,1482.0
2020-02-19 10:58:00,30.285,30.32,30.285,30.32,3959.0
2020-02-19 10:59:00,30.325,30.33,30.315,30.33,1204.0
2020-02-19 11:00:00,30.34,30.355,30.34,30.345,4069.0
2020-02-19 11:01:00,30.35,30.35,30.315,30.32,3003.0
2020-02-19 11:02:00,30.33,30.33,30.325,30.325,1596.0
2020-02-19 11:03:00,30.33,30.34,30.33,30.33,1167.0
2020-02-19 11:04:00,30.33,30.41,30.33,30.41,4937.0
2020-02-19 11:05:00,30.415,30.415,30.34,30.34,8883.0
2020-02-19 11:06:00,30.35,30.445,30.35,30.445,5049.0
2020-02-19 11:07:00,30.45,30.5,30.45,30.495,6007.0
2020-02-19 11:08:00,30.485,30.495,30.43,30.455,6876.0
2020-02-19 11:09:00,30.455,30.505,30.45,30.505,3328.0
2020-02-19 11:10:00,30.515,30.515,30.495,30.495,3288.0
2020-02-19 11:11:00,30.505,30.605,30.505,30.57,5717.0
2020-02-19 11:12:00,30.595,30.6,30.505,30.51,4837.0
2020-02-19 11:13:00,30.515,30.58,30.515,30.555,2708.0
2020-02-19 11:14:00,30.555,30.565,30.555,30.555,1183.0
2020-02-19 11:15:00,30.56,30.56,30.54,30.545,2634.0
2020-02-19 11:16:00,30.54,30.595,30.54,30.56,4777.0
2020-02-19 11:17:00,30.56,30.57,30.51,30.51,2248.0
2020-02-19 11:18:00,30.525,30.545,30.525,30.545,4536.0
2020-02-19 11:19:00,30.55,30.59,30.55,30.59,685.0
2020-02-19 11:20:00,30.595,30.6,30.595,30.6,3806.0
2020-02-19 11:21:00,30.59,30.6,30.58,30.58,1950.0
2020-02-19 11:22:00,30.595,30.61,30.595,30.61,2355.0
2020-02-19 11:23:00,30.615,30.635,30.615,30.635,4483.0
2020-02-19 11:24:00,30.64,30.64,30.62,30.625,2563.0
2020-02-19 11:25:00,30.635,30.67,30.635,30.67,2734.0
2020-02-19 11:26:00,30.685,30.69,30.655,30.655,5892.0
2020-02-19 11:27:00,30.655,30.69,30.645,30.69,5370.0
2020-02-19 11:28:00,30.69,30.69,30.65,30.65,1428.0
2020-02-19 11:29:00,30.675,30.68,30.66,30.665,1534.0
2020-02-19 11:30:00,30.675,30.715,30.675,30.7,4622.0
2020-02-19 11:31:00,30.69,30.69,30.635,30.65,4167.0
2020-02-19 11:32:00,30.66,30.67,30.66,30.67,1416.0
2020-02-19 11:33:00,30.66,30.66,30.635,30.66,2410.0
2020-02-19 11:34:00,30.64,30.65,30.62,30.63,5424.0
2020-02-19 11:35:00,30.63,30.65,30.63,30.65,1439.0
2020-02-19 11:36:00,30.64,30.655,30.64,30.64,2597.0
2020-02-19 11:37:00,30.66,30.675,30.645,30.645,2128.0
2020-02-19 11:38:00,30.645,30.65,30.635,30.65,1808.0
2020-02-19 11:39:00,30.65,30.655,30.65,30.655,349.0
2020-02-19 11:40:00,30.66,30.69,30.65,30.65,6913.0
2020-02-19 11:41:00,30.67,30.69,30.67,30.69,1896.0
2020-02-19 11:43:00,30.69,30.695,30.665,30.665,5670.0
2020-02-19 11:44:00,30.66,30.705,30.66,30.705,3907.0
2020-02-19 11:45:00,30.715,30.725,30.715,30.725,586.0
2020-02-19 11:46:00,30.715,30.75,30.71,30.75,10646.0
2020-02-19 11:47:00,30.74,30.79,30.74,30.78,5953.0
2020-02-19 11:48:00,30.77,30.785,30.77,30.78,605.0
2020-02-19 11:49:00,30.775,30.835,30.775,30.835,6371.0
2020-02-19 11:50:00,30.835,30.92,30.835,30.92,3641.0
2020-02-19 11:51:00,30.92,30.945,30.87,30.89,8877.0
2020-02-19 11:52:00,30.885,30.95,30.88,30.945,8700.0
2020-02-19 11:53:00,30.94,31.065,30.94,31.06,11036.0
2020-02-19 11:54:00,31.065,31.125,31.03,31.12,8036.0
2020-02-19 11:55:00,31.13,31.2,31.12,31.19,21114.0
2020-02-19 11:56:00,31.195,31.265,31.175,31.265,16697.0
2020-02-19 11:57:00,31.245,31.245,31.175,31.22,7864.0
2020-02-19 11:58:00,31.225,31.245,31.215,31.245,3444.0
2020-02-19 11:59:00,31.23,31.24,31.175,31.19,11221.0
2020-02-19 12:00:00,31.155,31.16,31.07,31.07,8735.0
2020-02-19 12:01:00,31.07,31.115,31.055,31.065,5489.0
2020-02-19 12:02:00,31.05,31.06,30.985,31.0,16363.0
2020-02-19 12:03:00,31.005,31.01,30.91,30.91,6659.0
2020-02-19 12:04:00,30.92,31.025,30.91,30.98,10425.0
2020-02-19 12:05:00,30.985,30.985,30.935,30.955,4398.0
2020-02-19 12:06:00,30.95,30.955,30.905,30.93,5493.0
2020-02-19 12:07:00,30.915,30.915,30.885,30.885,2576.0
2020-02-19 12:08:00,30.865,30.875,30.82,30.82,3967.0
2020-02-19 12:09:00,30.81,30.845,30.78,30.82,11764.0
2020-02-19 12:10:00,30.835,30.86,30.825,30.84,4539.0
2020-02-19 12:11:00,30.84,30.905,30.84,30.905,5743.0
2020-02-19 12:12:00,30.905,30.93,30.895,30.925,2199.0
2020-02-19 12:13:00,30.935,30.95,30.905,30.94,3878.0
2020-02-19 12:14:00,30.935,30.935,30.86,30.86,6263.0
2020-02-19 12:15:00,30.865,30.925,30.865,30.905,4383.0
2020-02-19 12:16:00,30.915,30.94,30.915,30.94,2871.0
2020-02-19 12:17:00,30.945,30.95,30.94,30.945,1730.0
2020-02-19 12:18:00,30.94,30.94,30.91,30.92,1987.0
2020-02-19 12:19:00,30.925,30.935,30.895,30.895,2600.0
2020-02-19 12:20:00,30.915,30.925,30.915,30.92,870.0
2020-02-19 12:21:00,30.92,30.935,30.92,30.92,3897.0
2020-02-19 12:22:00,30.925,30.965,30.925,30.965,2741.0
2020-02-19 12:23:00,30.975,31.005,30.975,30.98,2540.0
2020-02-19 12:24:00,30.985,31.005,30.985,31.005,726.0
2020-02-19 12:25:00,31.0,31.005,30.985,31.0,2700.0
2020-02-19 12:26:00,30.985,30.985,30.945,30.97,10618.0
2020-02-19 12:27:00,30.98,30.995,30.955,30.955,2597.0
2020-02-19 12:28:00,30.965,30.975,30.96,30.975,1498.0
2020-02-19 12:29:00,30.97,30.98,30.965,30.975,546.0
2020-02-19 12:30:00,30.98,30.985,30.98,30.98,3208.0
2020-02-19 12:31:00,30.98,30.98,30.965,30.965,1228.0
2020-02-19 12:32:00,30.95,30.96,30.925,30.925,13798.0
2020-02-19 12:33:00,30.91,30.92,30.91,30.92,918.0
2020-02-19 12:35:00,30.92,30.925,30.89,30.89,1816.0
2020-02-19 12:36:00,30.885,30.885,30.88,30.88,1834.0
2020-02-19 12:37:00,30.885,30.895,30.885,30.895,1543.0
2020-02-19 12:38:00,30.895,30.895,30.895,30.895,680.0
2020-02-19 12:39:00,30.9,30.95,30.9,30.93,5997.0
2020-02-19 12:40:00,30.925,30.935,30.925,30.93,1559.0
2020-02-19 12:41:00,30.94,30.945,30.94,30.945,539.0
2020-02-19 12:42:00,30.945,30.985,30.945,30.985,3955.0
2020-02-19 12:43:00,30.99,30.995,30.97,30.97,5534.0
2020-02-19 12:44:00,30.97,30.995,30.965,30.975,2658.0
2020-02-19 12:45:00,30.975,31.025,30.975,31.025,3277.0
2020-02-19 12:46:00,31.01,31.015,30.995,31.015,3402.0
2020-02-19 12:47:00,31.005,31.03,31.0,31.03,2702.0
2020-02-19 12:48:00,31.025,31.035,30.99,30.99,702.0
2020-02-19 12:49:00,30.985,30.995,30.98,30.98,1648.0
2020-02-19 12:50:00,30.975,30.99,30.975,30.99,754.0
2020-02-19 12:51:00,30.99,30.995,30.99,30.995,220.0
2020-02-19 12:52:00,30.985,31.005,30.985,30.99,5172.0
2020-02-19 12:53:00,30.99,31.0,30.99,30.995,366.0
2020-02-19 12:54:00,30.995,31.01,30.995,31.0,2247.0
2020-02-19 12:55:00,31.0,31.0,30.995,30.995,116.0
2020-02-19 12:56:00,31.0,31.01,30.995,31.01,1932.0
2020-02-19 12:57:00,30.995,31.005,30.99,30.995,2054.0
2020-02-19 12:58:00,31.005,31.025,31.005,31.025,2786.0
2020-02-19 12:59:00,31.035,31.1,31.035,31.085,4300.0
2020-02-19 13:00:00,31.08,31.08,31.055,31.07,2831.0
2020-02-19 13:01:00,31.06,31.065,31.06,31.06,1321.0
2020-02-19 13:02:00,31.06,31.06,31.04,31.04,4620.0
2020-02-19 13:03:00,31.045,31.105,31.045,31.095,3777.0
2020-02-19 13:04:00,31.105,31.105,31.06,31.08,3493.0
2020-02-19 13:05:00,31.075,31.105,31.075,31.095,1498.0
2020-02-19 13:06:00,31.09,31.09,31.07,31.07,2677.0
2020-02-19 13:07:00,31.07,31.07,31.045,31.05,3093.0
2020-02-19 13:08:00,31.05,31.055,31.045,31.045,3550.0
2020-02-19 13:09:00,31.045,31.05,31.04,31.05,1390.0
2020-02-19 13:10:00,31.035,31.045,31.035,31.035,1853.0
2020-02-19 13:11:00,31.04,31.05,31.03,31.05,3529.0
2020-02-19 13:12:00,31.045,31.045,31.01,31.015,6829.0
2020-02-19 13:13:00,31.01,31.015,31.005,31.015,485.0
2020-02-19 13:14:00,31.015,31.03,31.01,31.01,10119.0
2020-02-19 13:15:00,31.005,31.005,30.955,30.975,4772.0
2020-02-19 13:16:00,30.96,31.01,30.955,31.0,9837.0
2020-02-19 13:17:00,31.0,31.005,30.985,30.995,2424.0
2020-02-19 13:18:00,31.0,31.01,31.0,31.01,2298.0
2020-02-19 13:19:00,31.005,31.055,31.005,31.055,3188.0
2020-02-19 13:20:00,31.05,31.085,31.05,31.055,5425.0
2020-02-19 13:21:00,31.055,31.13,31.05,31.11,4403.0
2020-02-19 13:22:00,31.11,31.115,31.09,31.095,2097.0
2020-02-19 13:23:00,31.095,31.12,31.095,31.11,1632.0
2020-02-19 13:24:00,31.115,31.15,31.115,31.14,7225.0
2020-02-19 13:25:00,31.15,31.15,31.125,31.14,4965.0
2020-02-19 13:26:00,31.135,31.17,31.135,31.165,5262.0
2020-02-19 13:27:00,31.165,31.175,31.12,31.125,13022.0
2020-02-19 13:28:00,31.125,31.125,31.115,31.115,715.0
2020-02-19 13:29:00,31.115,31.12,31.115,31.12,3704.0
2020-02-19 13:30:00,31.12,31.12,31.05,31.05,6754.0
2020-02-19 13:31:00,31.05,31.115,31.035,31.085,14412.0
2020-02-19 13:32:00,31.085,31.115,31.085,31.11,1824.0
2020-02-19 13:33:00,31.11,31.125,31.1,31.1,5276.0
2020-02-19 13:34:00,31.1,31.11,31.085,31.085,3164.0
2020-02-19 13:35:00,31.09,31.11,31.09,31.11,2334.0
2020-02-19 13:36:00,31.1,31.115,31.09,31.115,2572.0
2020-02-19 13:37:00,31.115,31.125,31.115,31.125,3576.0
2020-02-19 13:38:00,31.12,31.18,31.12,31.17,2575.0
2020-02-19 13:39:00,31.18,31.185,31.155,31.185,4362.0
2020-02-19 13:40:00,31.185,31.195,31.175,31.175,3062.0
2020-02-19 13:41:00,31.18,31.18,31.175,31.18,346.0
2020-02-19 13:42:00,31.18,31.21,31.18,31.19,8647.0
2020-02-19 13:43:00,31.19,31.2,31.19,31.2,3083.0
2020-02-19 13:44:00,31.19,31.205,31.19,31.2,495.0
2020-02-19 13:45:00,31.195,31.195,31.17,31.19,5877.0
2020-02-19 13:46:00,31.19,31.22,31.19,31.215,4915.0
2020-02-19 13:47:00,31.22,31.245,31.22,31.245,5675.0
2020-02-19 13:48:00,31.25,31.275,31.25,31.275,3579.0
2020-02-19 13:49:00,31.275,31.325,31.27,31.325,11067.0
2020-02-19 13:50:00,31.315,31.335,31.305,31.335,3524.0
2020-02-19 13:51:00,31.335,31.42,31.335,31.41,17596.0
2020-02-19 13:52:00,31.4,31.445,31.375,31.435,12820.0
2020-02-19 13:53:00,31.435,31.435,31.385,31.435,7687.0
2020-02-19 13:54:00,31.42,31.45,31.415,31.435,8797.0
2020-02-19 13:55:00,31.445,31.48,31.445,31.48,6263.0
2020-02-19 13:56:00,31.475,31.495,31.45,31.45,6725.0
2020-02-19 13:57:00,31.445,31.45,31.43,31.45,1637.0
2020-02-19 13:58:00,31.45,31.46,31.43,31.45,4559.0
2020-02-19 13:59:00,31.44,31.45,31.44,31.445,1112.0
2020-02-19 14:00:00,31.44,31.465,31.44,31.445,5758.0
2020-02-19 14:01:00,31.445,31.445,31.35,31.365,13498.0
2020-02-19 14:02:00,31.375,31.38,31.34,31.345,3611.0
2020-02-19 14:03:00,31.34,31.4,31.335,31.4,8014.0
2020-02-19 14:04:00,31.39,31.39,31.365,31.365,2587.0
2020-02-19 14:05:00,31.38,31.48,31.35,31.43,17673.0
2020-02-19 14:06:00,31.43,31.43,31.42,31.42,536.0
2020-02-19 14:07:00,31.42,31.455,31.42,31.455,5503.0
2020-02-19 14:08:00,31.435,31.445,31.425,31.445,2504.0
2020-02-19 14:09:00,31.45,31.535,31.45,31.535,7582.0
2020-02-19 14:10:00,31.535,31.545,31.485,31.485,3044.0
2020-02-19 14:11:00,31.485,31.5,31.465,31.49,5871.0
2020-02-19 14:12:00,31.495,31.51,31.47,31.51,6629.0
2020-02-19 14:13:00,31.51,31.525,31.495,31.495,4583.0
2020-02-19 14:14:00,31.5,31.525,31.5,31.51,5032.0
2020-02-19 14:15:00,31.52,31.53,31.515,31.53,3995.0
2020-02-19 14:16:00,31.53,31.53,31.475,31.51,6763.0
2020-02-19 14:17:00,31.52,31.54,31.505,31.54,3041.0
2020-02-19 14:18:00,31.535,31.625,31.535,31.62,13720.0
2020-02-19 14:19:00,31.615,31.615,31.57,31.58,13074.0
2020-02-19 14:20:00,31.59,31.61,31.575,31.595,8977.0
2020-02-19 14:21:00,31.59,31.63,31.59,31.595,7247.0
2020-02-19 14:22:00,31.585,31.615,31.57,31.615,8773.0
2020-02-19 14:23:00,31.635,31.655,31.625,31.63,6876.0
2020-02-19 14:24:00,31.63,31.66,31.625,31.645,7122.0
2020-02-19 14:25:00,31.64,31.655,31.605,31.655,13402.0
2020-02-19 14:26:00,31.66,31.675,31.63,31.63,5326.0
2020-02-19 14:27:00,31.63,31.64,31.625,31.64,2367.0
2020-02-19 14:28:00,31.64,31.68,31.64,31.68,12132.0
2020-02-19 14:29:00,31.68,31.68,31.665,31.67,2485.0
2020-02-19 14:30:00,31.665,31.665,31.625,31.635,2040.0
2020-02-19 14:31:00,31.635,31.645,31.605,31.61,9089.0
2020-02-19 14:32:00,31.615,31.615,31.505,31.505,18875.0
2020-02-19 14:33:00,31.51,31.52,31.47,31.48,13134.0
2020-02-19 14:34:00,31.47,31.47,31.425,31.425,4840.0
2020-02-19 14:35:00,31.425,31.445,31.36,31.43,21892.0
2020-02-19 14:36:00,31.425,31.425,31.38,31.38,7540.0
2020-02-19 14:37:00,31.38,31.445,31.38,31.445,3437.0
2020-02-19 14:38:00,31.455,31.455,31.33,31.355,9398.0
2020-02-19 14:39:00,31.34,31.385,31.335,31.37,7113.0
2020-02-19 14:40:00,31.36,31.36,31.29,31.29,7930.0
2020-02-19 14:41:00,31.285,31.305,31.275,31.305,6930.0
2020-02-19 14:42:00,31.315,31.395,31.31,31.38,6452.0
2020-02-19 14:43:00,31.39,31.395,31.365,31.375,1610.0
2020-02-19 14:44:00,31.365,31.365,31.34,31.34,2273.0
2020-02-19 14:45:00,31.325,31.335,31.315,31.315,2821.0
2020-02-19 14:46:00,31.31,31.31,31.275,31.275,4131.0
2020-02-19 14:47:00,31.28,31.355,31.25,31.355,8801.0
2020-02-19 14:48:00,31.36,31.36,31.315,31.32,3212.0
2020-02-19 14:49:00,31.32,31.32,31.3,31.3,3618.0
2020-02-19 14:50:00,31.31,31.34,31.31,31.335,3228.0
2020-02-19 14:51:00,31.33,31.335,31.29,31.29,6876.0
2020-02-19 14:52:00,31.29,31.305,31.285,31.3,4766.0
2020-02-19 14:53:00,31.3,31.315,31.29,31.3,5182.0
2020-02-19 14:54:00,31.295,31.295,31.275,31.275,2137.0
2020-02-19 14:55:00,31.27,31.27,31.24,31.245,3238.0
2020-02-19 14:56:00,31.24,31.24,31.205,31.205,2737.0
2020-02-19 14:57:00,31.2,31.24,31.2,31.235,7894.0
2020-02-19 14:58:00,31.235,31.235,31.175,31.19,4775.0
2020-02-19 14:59:00,31.195,31.195,31.15,31.19,5392.0
2020-02-19 15:00:00,31.18,31.2,31.16,31.18,7696.0
2020-02-19 15:01:00,31.18,31.185,31.15,31.15,4758.0
2020-02-19 15:02:00,31.14,31.15,31.115,31.14,7074.0
2020-02-19 15:03:00,31.14,31.165,31.135,31.15,7830.0
2020-02-19 15:04:00,31.155,31.165,31.14,31.145,4978.0
2020-02-19 15:05:00,31.15,31.19,31.15,31.165,6571.0
2020-02-19 15:06:00,31.17,31.17,31.135,31.14,3051.0
2020-02-19 15:07:00,31.13,31.145,31.125,31.135,6325.0
2020-02-19 15:08:00,31.14,31.14,31.015,31.045,28428.0
2020-02-19 15:09:00,31.045,31.11,31.045,31.11,15367.0
2020-02-19 15:10:00,31.105,31.115,31.1,31.115,1928.0
2020-02-19 15:11:00,31.11,31.11,31.075,31.085,7983.0
2020-02-19 15:12:00,31.09,31.095,31.085,31.09,2628.0
2020-02-19 15:13:00,31.095,31.16,31.095,31.16,7723.0
2020-02-19 15:14:00,31.16,31.16,31.1,31.1,8081.0
2020-02-19 15:15:00,31.11,31.11,31.065,31.075,3747.0
2020-02-19 15:16:00,31.08,31.155,31.08,31.15,8359.0
2020-02-19 15:17:00,31.145,31.155,31.125,31.13,4684.0
2020-02-19 15:18:00,31.14,31.145,31.12,31.125,1925.0
2020-02-19 15:19:00,31.115,31.115,31.1,31.115,2670.0
2020-02-19 15:20:00,31.115,31.135,31.11,31.11,8486.0
2020-02-19 15:21:00,31.12,31.15,31.12,31.15,5726.0
2020-02-19 15:22:00,31.145,31.175,31.14,31.175,3339.0
2020-02-19 15:23:00,31.18,31.195,31.165,31.195,4773.0
2020-02-19 15:24:00,31.195,31.205,31.18,31.18,2757.0
2020-02-19 15:25:00,31.175,31.195,31.16,31.16,6654.0
2020-02-19 15:26:00,31.165,31.19,31.165,31.19,5008.0
2020-02-19 15:27:00,31.19,31.235,31.19,31.225,4979.0
2020-02-19 15:28:00,31.22,31.22,31.2,31.21,6309.0
2020-02-19 15:29:00,31.215,31.255,31.195,31.255,6917.0
2020-02-19 15:30:00,31.26,31.3,31.26,31.3,3700.0
2020-02-19 15:31:00,31.305,31.325,31.29,31.325,7437.0
2020-02-19 15:32:00,31.325,31.345,31.295,31.345,4463.0
2020-02-19 15:33:00,31.345,31.365,31.345,31.35,4612.0
2020-02-19 15:34:00,31.345,31.345,31.315,31.315,7469.0
2020-02-19 15:35:00,31.325,31.385,31.325,31.385,13847.0
2020-02-19 15:36:00,31.39,31.435,31.39,31.435,16340.0
2020-02-19 15:37:00,31.44,31.46,31.42,31.445,10288.0
2020-02-19 15:38:00,31.44,31.495,31.44,31.495,9534.0
2020-02-19 15:39:00,31.495,31.505,31.445,31.465,16955.0
2020-02-19 15:40:00,31.465,31.495,31.465,31.495,3450.0
2020-02-19 15:41:00,31.5,31.54,31.45,31.465,18301.0
2020-02-19 15:42:00,31.465,31.5,31.44,31.5,4519.0
2020-02-19 15:43:00,31.5,31.525,31.5,31.5,5538.0
2020-02-19 15:44:00,31.51,31.545,31.505,31.54,12953.0
2020-02-19 15:45:00,31.545,31.545,31.515,31.53,2158.0
2020-02-19 15:46:00,31.525,31.54,31.515,31.54,9148.0
2020-02-19 15:47:00,31.545,31.555,31.52,31.545,9259.0
2020-02-19 15:48:00,31.54,31.56,31.53,31.56,3518.0
2020-02-19 15:49:00,31.555,31.575,31.555,31.56,8316.0
2020-02-19 15:50:00,31.56,31.585,31.55,31.585,8357.0
2020-02-19 15:51:00,31.57,31.6,31.565,31.6,22535.0
2020-02-19 15:52:00,31.595,31.595,31.575,31.585,6048.0
2020-02-19 15:53:00,31.575,31.58,31.55,31.565,7455.0
2020-02-19 15:54:00,31.57,31.605,31.57,31.605,6585.0
2020-02-19 15:55:00,31.605,31.635,31.605,31.635,11528.0
2020-02-19 15:56:00,31.625,31.63,31.58,31.59,4799.0
2020-02-19 15:57:00,31.59,31.63,31.59,31.63,4954.0
2020-02-19 15:58:00,31.615,31.64,31.605,31.64,9269.0
2020-02-19 15:59:00,31.635,31.645,31.635,31.64,2997.0
2020-02-19 16:00:00,31.64,31.65,31.61,31.625,13117.0
2020-02-19 16:01:00,31.63,31.64,31.625,31.63,2695.0
2020-02-19 16:02:00,31.635,31.655,31.635,31.655,8071.0
2020-02-19 16:03:00,31.655,31.66,31.65,31.655,7056.0
2020-02-19 16:04:00,31.655,31.67,31.655,31.67,11371.0
2020-02-19 16:05:00,31.67,31.67,31.655,31.66,7717.0
2020-02-19 16:06:00,31.655,31.655,31.605,31.63,19032.0
2020-02-19 16:07:00,31.62,31.62,31.56,31.57,7835.0
2020-02-19 16:08:00,31.575,31.66,31.575,31.66,23692.0
2020-02-19 16:09:00,31.655,31.655,31.6,31.605,8151.0
2020-02-19 16:10:00,31.61,31.645,31.61,31.645,6809.0
2020-02-19 16:11:00,31.64,31.65,31.635,31.64,3803.0
2020-02-19 16:12:00,31.635,31.68,31.635,31.65,21531.0
2020-02-19 16:13:00,31.65,31.67,31.64,31.67,18057.0
2020-02-19 16:14:00,31.67,31.715,31.665,31.7,11776.0
2020-02-19 16:15:00,31.7,31.735,31.7,31.725,17966.0
2020-02-19 16:16:00,31.725,31.735,31.7,31.725,8451.0
2020-02-19 16:17:00,31.725,31.75,31.715,31.73,13234.0
2020-02-19 16:18:00,31.735,31.76,31.735,31.76,15834.0
2020-02-19 16:19:00,31.765,31.795,31.76,31.785,15866.0
2020-02-19 16:20:00,31.78,31.785,31.77,31.775,14148.0
2020-02-19 16:21:00,31.765,31.765,31.745,31.755,7546.0
2020-02-19 16:22:00,31.755,31.755,31.74,31.755,9772.0
2020-02-19 16:23:00,31.76,31.79,31.76,31.79,11630.0
2020-02-19 16:24:00,31.79,31.85,31.79,31.82,24038.0
2020-02-19 16:25:00,31.815,31.835,31.795,31.835,7679.0
2020-02-19 16:26:00,31.84,31.84,31.8,31.83,10327.0
2020-02-19 16:27:00,31.835,31.86,31.835,31.85,6022.0
2020-02-19 16:28:00,31.855,31.86,31.835,31.85,11814.0
2020-02-19 16:29:00,31.85,31.855,31.825,31.825,13416.0
2020-02-19 16:30:00,31.82,31.82,31.77,31.8,13006.0
2020-02-19 16:36:00,31.715,31.715,31.715,31.715,861345.0
